N,L,lam,replica,t_cool,phase,block,fair_sweep,chain_sweep,open_sweeps,g,columns,others,n_d1,largest_d1,flat_share,h,opened,final
1024,256,1.25,7,,opening,0,0,0,50000,1.25,3,1,20,8,0.98046875,70.0,True,False
1024,256,1.25,7,300000,cooling,1,250,2667,50000,1.2483246259300822,4,0,16,4,0.984375,56.0,True,False
1024,256,1.25,7,300000,cooling,2,500,5334,50000,1.2466514973627836,4,0,16,4,0.984375,56.0,True,False
1024,256,1.25,7,300000,cooling,3,750,8001,50000,1.244980611288459,4,0,16,4,0.984375,56.0,True,False
1024,256,1.25,7,300000,cooling,4,1000,10668,50000,1.2433119647014965,4,0,16,4,0.984375,56.0,True,False
1024,256,1.25,7,300000,cooling,5,1250,13335,50000,1.241645554600313,4,0,16,4,0.984375,56.0,True,False
1024,256,1.25,7,300000,cooling,6,1500,16002,50000,1.239981377987348,4,0,16,4,0.984375,56.0,True,False
1024,256,1.25,7,300000,cooling,7,1750,18669,50000,1.2383194318690591,4,0,16,4,0.984375,56.0,True,False
1024,256,1.25,7,300000,cooling,8,2000,21336,50000,1.2366597132559163,3,0,12,4,0.98828125,42.0,True,False
1024,256,1.25,7,300000,cooling,9,2250,24003,50000,1.2350022191623955,3,0,12,4,0.98828125,42.0,True,False
1024,256,1.25,7,300000,cooling,10,2500,26670,50000,1.2333469466069749,3,0,12,4,0.98828125,42.0,True,False
1024,256,1.25,7,300000,cooling,11,2750,29337,50000,1.2316938926121288,3,0,12,4,0.98828125,42.0,True,False
1024,256,1.25,7,300000,cooling,12,3000,32004,50000,1.230043054204322,3,0,12,4,0.98828125,42.0,True,False
1024,256,1.25,7,300000,cooling,13,3250,34671,50000,1.228394428414005,3,0,12,4,0.98828125,42.0,True,False
1024,256,1.25,7,300000,cooling,14,3500,37338,50000,1.2267480122756078,3,0,12,4,0.98828125,42.0,True,False
1024,256,1.25,7,300000,cooling,15,3750,40005,50000,1.225103802827536,3,0,12,4,0.98828125,42.0,True,False
1024,256,1.25,7,300000,cooling,16,4000,42672,50000,1.223461797112164,3,0,12,4,0.98828125,42.0,True,False
1024,256,1.25,7,300000,cooling,17,4250,45339,50000,1.2218219921758307,3,0,12,4,0.98828125,42.0,True,False
1024,256,1.25,7,300000,cooling,18,4500,48006,50000,1.2201843850688332,3,0,12,4,0.98828125,42.0,True,False
1024,256,1.25,7,300000,cooling,19,4750,50673,50000,1.2185489728454229,3,0,12,4,0.98828125,42.0,True,False
1024,256,1.25,7,300000,cooling,20,5000,53340,50000,1.2169157525637986,3,0,12,4,0.98828125,42.0,True,False
1024,256,1.25,7,300000,cooling,21,5250,56007,50000,1.2152847212861027,3,0,12,4,0.98828125,42.0,True,False
1024,256,1.25,7,300000,cooling,22,5500,58674,50000,1.2136558760784146,2,0,8,4,0.9921875,28.0,True,False
1024,256,1.25,7,300000,cooling,23,5750,61341,50000,1.2120292140107465,2,0,8,4,0.9921875,28.0,True,False
1024,256,1.25,7,300000,cooling,24,6000,64008,50000,1.2104047321570373,2,0,8,4,0.9921875,28.0,True,False
1024,256,1.25,7,300000,cooling,25,6250,66675,50000,1.208782427595148,2,0,8,4,0.9921875,28.0,True,False
1024,256,1.25,7,300000,cooling,26,6500,69342,50000,1.2071622974068559,2,0,8,4,0.9921875,28.0,True,False
1024,256,1.25,7,300000,cooling,27,6750,72009,50000,1.2055443386778495,2,0,8,4,0.9921875,28.0,True,False
1024,256,1.25,7,300000,cooling,28,7000,74676,50000,1.2039285484977238,1,0,4,4,0.99609375,34.0,True,False
1024,256,1.25,7,300000,cooling,29,7250,77343,50000,1.2023149239599742,2,0,8,4,0.9921875,28.0,True,False
1024,256,1.25,7,300000,cooling,30,7500,80010,50000,1.200703462161992,2,0,8,4,0.9921875,28.0,True,False
1024,256,1.25,7,300000,cooling,31,7750,82677,50000,1.1990941602050587,2,0,8,4,0.9921875,28.0,True,False
1024,256,1.25,7,300000,cooling,32,8000,85344,50000,1.1974870151943406,2,0,8,4,0.9921875,28.0,True,False
1024,256,1.25,7,300000,cooling,33,8250,88011,50000,1.1958820242388848,2,0,8,4,0.9921875,28.0,True,False
1024,256,1.25,7,300000,cooling,34,8500,90678,50000,1.1942791844516123,1,2,6,4,0.9921875,34.0,True,False
1024,256,1.25,7,300000,cooling,35,8750,93345,50000,1.192678492949314,2,0,8,4,0.9921875,28.0,True,False
1024,256,1.25,7,300000,cooling,36,9000,96012,50000,1.1910799468526452,2,0,8,4,0.9921875,28.0,True,False
1024,256,1.25,7,300000,cooling,37,9250,98679,50000,1.1894835432861204,2,0,8,4,0.9921875,28.0,True,False
1024,256,1.25,7,300000,cooling,38,9500,101346,50000,1.187889279378108,2,0,8,4,0.9921875,28.0,True,False
1024,256,1.25,7,300000,cooling,39,9750,104013,50000,1.1862971522608252,2,0,8,4,0.9921875,28.0,True,False
1024,256,1.25,7,300000,cooling,40,10000,106680,50000,1.184707159070333,2,0,8,4,0.9921875,28.0,True,False
1024,256,1.25,7,300000,cooling,41,10250,109347,50000,1.1831192969465312,2,0,8,4,0.9921875,28.0,True,False
1024,256,1.25,7,300000,cooling,42,10500,112014,50000,1.1815335630331523,2,0,8,4,0.9921875,28.0,True,False
1024,256,1.25,7,300000,cooling,43,10750,114681,50000,1.1799499544777574,2,0,8,4,0.9921875,28.0,True,False
1024,256,1.25,7,300000,cooling,44,11000,117348,50000,1.1783684684317315,2,0,8,4,0.9921875,28.0,True,False
1024,256,1.25,7,300000,cooling,45,11250,120015,50000,1.1767891020502759,2,0,8,4,0.9921875,28.0,True,False
1024,256,1.25,7,300000,cooling,46,11500,122682,50000,1.1752118524924065,2,0,8,4,0.9921875,28.0,True,False
1024,256,1.25,7,300000,cooling,47,11750,125349,50000,1.1736367169209456,2,0,8,4,0.9921875,28.0,True,False
1024,256,1.25,7,300000,cooling,48,12000,128016,50000,1.1720636925025194,1,0,4,4,0.99609375,14.0,True,False
1024,256,1.25,7,300000,cooling,49,12250,130683,50000,1.1704927764075506,1,0,4,4,0.99609375,14.0,True,False
1024,256,1.25,7,300000,cooling,50,12500,133350,50000,1.1689239658102553,1,0,4,4,0.99609375,14.0,True,False
1024,256,1.25,7,300000,cooling,51,12750,136017,50000,1.167357257888636,1,0,4,4,0.99609375,14.0,True,False
1024,256,1.25,7,300000,cooling,52,13000,138684,50000,1.1657926498244784,1,0,4,4,0.99609375,14.0,True,False
1024,256,1.25,7,300000,cooling,53,13250,141351,50000,1.1642301388033451,1,0,4,4,0.99609375,14.0,True,False
1024,256,1.25,7,300000,cooling,54,13500,144018,50000,1.1626697220145708,1,0,4,4,0.99609375,14.0,True,False
1024,256,1.25,7,300000,cooling,55,13750,146685,50000,1.1611113966512572,1,0,4,4,0.99609375,14.0,True,False
1024,256,1.25,7,300000,cooling,56,14000,149352,50000,1.1595551599102687,1,0,4,4,0.99609375,14.0,True,False
1024,256,1.25,7,300000,cooling,57,14250,152019,50000,1.1580010089922264,1,0,4,4,0.99609375,14.0,True,False
1024,256,1.25,7,300000,cooling,58,14500,154686,50000,1.1564489411015029,0,2,2,2,0.99609375,20.0,True,False
1024,256,1.25,7,300000,cooling,59,14750,157353,50000,1.1548989534462186,1,0,4,4,0.99609375,14.0,True,False
1024,256,1.25,7,300000,cooling,60,15000,160020,50000,1.1533510432382355,1,0,4,4,0.99609375,14.0,True,False
1024,256,1.25,7,300000,cooling,61,15250,162687,50000,1.1518052076931522,1,0,4,4,0.99609375,14.0,True,False
1024,256,1.25,7,300000,cooling,62,15500,165354,50000,1.1502614440302998,1,0,4,4,0.99609375,14.0,True,False
1024,256,1.25,7,300000,cooling,63,15750,168021,50000,1.1487197494727361,1,0,4,4,0.99609375,14.0,True,False
1024,256,1.25,7,300000,cooling,64,16000,170688,50000,1.1471801212472408,1,0,4,4,0.99609375,14.0,True,False
1024,256,1.25,7,300000,cooling,65,16250,173355,50000,1.1456425565843107,1,0,4,4,0.99609375,14.0,True,False
1024,256,1.25,7,300000,cooling,66,16500,176022,50000,1.144107052718154,1,0,4,4,0.99609375,14.0,True,False
1024,256,1.25,7,300000,cooling,67,16750,178689,50000,1.1425736068866867,1,0,4,4,0.99609375,14.0,True,False
1024,256,1.25,7,300000,cooling,68,17000,181356,50000,1.1410422163315266,1,0,4,4,0.99609375,14.0,True,False
1024,256,1.25,7,300000,cooling,69,17250,184023,50000,1.1395128782979878,1,0,4,4,0.99609375,14.0,True,False
1024,256,1.25,7,300000,cooling,70,17500,186690,50000,1.1379855900350775,1,0,4,4,0.99609375,14.0,True,False
1024,256,1.25,7,300000,cooling,71,17750,189357,50000,1.1364603487954896,1,0,4,4,0.99609375,14.0,True,False
1024,256,1.25,7,300000,cooling,72,18000,192024,50000,1.1349371518356002,1,0,4,4,0.99609375,14.0,True,False
1024,256,1.25,7,300000,cooling,73,18250,194691,50000,1.1334159964154629,1,0,4,4,0.99609375,14.0,True,False
1024,256,1.25,7,300000,cooling,74,18500,197358,50000,1.131896879798803,1,0,4,4,0.99609375,14.0,True,False
1024,256,1.25,7,300000,cooling,75,18750,200025,50000,1.1303797992530145,1,0,4,4,0.99609375,14.0,True,False
1024,256,1.25,7,300000,cooling,76,19000,202692,50000,1.1288647520491526,1,0,4,4,0.99609375,14.0,True,False
1024,256,1.25,7,300000,cooling,77,19250,205359,50000,1.1273517354619305,1,0,4,4,0.99609375,14.0,True,False
1024,256,1.25,7,300000,cooling,78,19500,208026,50000,1.1258407467697147,1,0,4,4,0.99609375,14.0,True,False
1024,256,1.25,7,300000,cooling,79,19750,210693,50000,1.1243317832545188,1,0,4,4,0.99609375,14.0,True,False
1024,256,1.25,7,300000,cooling,80,20000,213360,50000,1.1228248422019995,1,0,4,4,0.99609375,14.0,True,False
1024,256,1.25,7,300000,cooling,81,20250,216027,50000,1.1213199209014517,1,0,4,4,0.99609375,14.0,True,False
1024,256,1.25,7,300000,cooling,82,20500,218694,50000,1.1198170166458032,1,0,4,4,0.99609375,14.0,True,False
1024,256,1.25,7,300000,cooling,83,20750,221361,50000,1.1183161267316104,1,0,4,4,0.99609375,14.0,True,False
1024,256,1.25,7,300000,cooling,84,21000,224028,50000,1.1168172484590526,1,0,4,4,0.99609375,14.0,True,False
1024,256,1.25,7,300000,cooling,85,21250,226695,50000,1.1153203791319286,1,0,4,4,0.99609375,14.0,True,False
1024,256,1.25,7,300000,cooling,86,21500,229362,50000,1.1138255160576496,1,0,4,4,0.99609375,14.0,True,False
1024,256,1.25,7,300000,cooling,87,21750,232029,50000,1.1123326565472371,1,0,4,4,0.99609375,14.0,True,False
1024,256,1.25,7,300000,cooling,88,22000,234696,50000,1.1108417979153153,1,0,4,4,0.99609375,14.0,True,False
1024,256,1.25,7,300000,cooling,89,22250,237363,50000,1.1093529374801088,1,0,4,4,0.99609375,14.0,True,False
1024,256,1.25,7,300000,cooling,90,22500,240030,50000,1.1078660725634357,1,0,4,4,0.99609375,14.0,True,False
1024,256,1.25,7,300000,cooling,91,22750,242697,50000,1.106381200490704,1,0,4,4,0.99609375,14.0,True,False
1024,256,1.25,7,300000,cooling,92,23000,245364,50000,1.104898318590907,1,0,4,4,0.99609375,14.0,True,False
1024,256,1.25,7,300000,cooling,93,23250,248031,50000,1.1034174241966164,1,0,4,4,0.99609375,14.0,True,False
1024,256,1.25,7,300000,cooling,94,23500,250698,50000,1.1019385146439806,1,0,4,4,0.99609375,14.0,True,False
1024,256,1.25,7,300000,cooling,95,23750,253365,50000,1.1004615872727181,1,0,4,4,0.99609375,14.0,True,False
1024,256,1.25,7,300000,cooling,96,24000,256032,50000,1.098986639426112,1,0,4,4,0.99609375,14.0,True,False
1024,256,1.25,7,300000,cooling,97,24250,258699,50000,1.0975136684510076,1,0,4,4,0.99609375,14.0,True,False
1024,256,1.25,7,300000,cooling,98,24500,261366,50000,1.0960426716978051,1,0,4,4,0.99609375,14.0,True,False
1024,256,1.25,7,300000,cooling,99,24750,264033,50000,1.0945736465204563,1,0,4,4,0.99609375,14.0,True,False
1024,256,1.25,7,300000,cooling,100,25000,266700,50000,1.0931065902764598,1,0,4,4,0.99609375,14.0,True,False
1024,256,1.25,7,300000,cooling,101,25250,269367,50000,1.0916415003268554,1,0,4,4,0.99609375,14.0,True,False
1024,256,1.25,7,300000,cooling,102,25500,272034,50000,1.0901783740362203,1,0,4,4,0.99609375,14.0,True,False
1024,256,1.25,7,300000,cooling,103,25750,274701,50000,1.088717208772664,1,0,4,4,0.99609375,14.0,True,False
1024,256,1.25,7,300000,cooling,104,26000,277368,50000,1.087258001907823,1,0,4,4,0.99609375,14.0,True,False
1024,256,1.25,7,300000,cooling,105,26250,280035,50000,1.0858007508168575,1,0,4,4,0.99609375,14.0,True,False
1024,256,1.25,7,300000,cooling,106,26500,282702,50000,1.0843454528784449,1,0,4,4,0.99609375,14.0,True,False
1024,256,1.25,7,300000,cooling,107,26750,285369,50000,1.0828921054747762,1,0,4,4,0.99609375,14.0,True,False
1024,256,1.25,7,300000,cooling,108,27000,288036,50000,1.0814407059915512,1,0,4,4,0.99609375,14.0,True,False
1024,256,1.25,7,300000,cooling,109,27250,290703,50000,1.0799912518179737,1,0,4,4,0.99609375,14.0,True,False
1024,256,1.25,7,300000,cooling,110,27500,293370,50000,1.0785437403467466,1,0,4,4,0.99609375,14.0,True,False
1024,256,1.25,7,300000,cooling,111,27750,296037,50000,1.0770981689740673,1,0,4,4,0.99609375,14.0,True,False
1024,256,1.25,7,300000,cooling,112,28000,298704,50000,1.0756545350996234,1,0,4,4,0.99609375,14.0,True,False
1024,256,1.25,7,300000,cooling,113,28250,301371,50000,1.074212836126587,1,0,4,4,0.99609375,14.0,True,False
1024,256,1.25,7,300000,cooling,114,28500,304038,50000,1.0727730694616113,1,0,4,4,0.99609375,14.0,True,False
1024,256,1.25,7,300000,cooling,115,28750,306705,50000,1.0713352325148255,1,0,4,4,0.99609375,14.0,True,False
1024,256,1.25,7,300000,cooling,116,29000,309372,50000,1.06989932269983,1,0,4,4,0.99609375,14.0,True,False
1024,256,1.25,7,300000,cooling,117,29250,312039,50000,1.0684653374336908,1,0,4,4,0.99609375,14.0,True,False
1024,256,1.25,7,300000,cooling,118,29500,314706,50000,1.0670332741369368,1,0,4,4,0.99609375,14.0,True,False
1024,256,1.25,7,300000,cooling,119,29750,317373,50000,1.065603130233554,1,0,4,4,0.99609375,14.0,True,False
1024,256,1.25,7,300000,cooling,120,30000,320040,50000,1.0641749031509808,1,0,4,4,0.99609375,14.0,True,False
1024,256,1.25,7,300000,cooling,121,30250,322707,50000,1.0627485903201037,1,0,4,4,0.99609375,14.0,True,False
1024,256,1.25,7,300000,cooling,122,30500,325374,50000,1.0613241891752525,1,0,4,4,0.99609375,14.0,True,False
1024,256,1.25,7,300000,cooling,123,30750,328041,50000,1.0599016971541957,1,0,4,4,0.99609375,14.0,True,False
1024,256,1.25,7,300000,cooling,124,31000,330708,50000,1.0584811116981365,1,0,4,4,0.99609375,14.0,True,False
1024,256,1.25,7,300000,cooling,125,31250,333375,50000,1.057062430251707,1,0,4,4,0.99609375,14.0,True,False
1024,256,1.25,7,300000,cooling,126,31500,336042,50000,1.0556456502629645,1,0,4,4,0.99609375,14.0,True,False
1024,256,1.25,7,300000,cooling,127,31750,338709,50000,1.0542307691833868,1,0,4,4,0.99609375,14.0,True,False
1024,256,1.25,7,300000,cooling,128,32000,341376,50000,1.0528177844678674,1,0,4,4,0.99609375,14.0,True,False
1024,256,1.25,7,300000,cooling,129,32250,344043,50000,1.0514066935747108,1,0,4,4,0.99609375,14.0,True,False
1024,256,1.25,7,300000,cooling,130,32500,346710,50000,1.0499974939656282,1,0,4,4,0.99609375,14.0,True,False
1024,256,1.25,7,300000,cooling,131,32750,349377,50000,1.0485901831057334,1,0,4,4,0.99609375,14.0,True,False
1024,256,1.25,7,300000,cooling,132,33000,352044,50000,1.0471847584635368,1,0,4,4,0.99609375,14.0,True,False
1024,256,1.25,7,300000,cooling,133,33250,354711,50000,1.0457812175109424,1,0,4,4,0.99609375,14.0,True,False
1024,256,1.25,7,300000,cooling,134,33500,357378,50000,1.0443795577232424,1,0,4,4,0.99609375,14.0,True,False
1024,256,1.25,7,300000,cooling,135,33750,360045,50000,1.0429797765791131,1,0,4,4,0.99609375,14.0,True,False
1024,256,1.25,7,300000,cooling,136,34000,362712,50000,1.0415818715606096,1,0,4,4,0.99609375,14.0,True,False
1024,256,1.25,7,300000,cooling,137,34250,365379,50000,1.0401858401531623,1,0,4,4,0.99609375,14.0,True,False
1024,256,1.25,7,300000,cooling,138,34500,368046,50000,1.0387916798455716,1,0,4,4,0.99609375,14.0,True,False
1024,256,1.25,7,300000,cooling,139,34750,370713,50000,1.0373993881300039,1,0,4,4,0.99609375,14.0,True,False
1024,256,1.25,7,300000,cooling,140,35000,373380,50000,1.0360089625019866,1,0,4,4,0.99609375,14.0,True,False
1024,256,1.25,7,300000,cooling,141,35250,376047,50000,1.034620400460404,1,0,4,4,0.99609375,14.0,True,False
1024,256,1.25,7,300000,cooling,142,35500,378714,50000,1.0332336995074924,1,0,4,4,0.99609375,14.0,True,False
1024,256,1.25,7,300000,cooling,143,35750,381381,50000,1.0318488571488365,1,0,4,4,0.99609375,14.0,True,False
1024,256,1.25,7,300000,cooling,144,36000,384048,50000,1.0304658708933632,1,0,4,4,0.99609375,14.0,True,False
1024,256,1.25,7,300000,cooling,145,36250,386715,50000,1.029084738253339,1,0,4,4,0.99609375,14.0,True,False
1024,256,1.25,7,300000,cooling,146,36500,389382,50000,1.0277054567443649,1,0,4,4,0.99609375,14.0,True,False
1024,256,1.25,7,300000,cooling,147,36750,392049,50000,1.026328023885371,1,0,4,4,0.99609375,14.0,True,False
1024,256,1.25,7,300000,cooling,148,37000,394716,50000,1.0249524371986127,1,0,4,4,0.99609375,14.0,True,False
1024,256,1.25,7,300000,cooling,149,37250,397383,50000,1.0235786942096676,1,0,4,4,0.99609375,14.0,True,False
1024,256,1.25,7,300000,cooling,150,37500,400050,50000,1.0222067924474283,1,0,4,4,0.99609375,14.0,True,False
1024,256,1.25,7,300000,cooling,151,37750,402717,50000,1.0208367294440999,1,0,4,4,0.99609375,14.0,True,False
1024,256,1.25,7,300000,cooling,152,38000,405384,50000,1.0194685027351955,1,0,4,4,0.99609375,14.0,True,False
1024,256,1.25,7,300000,cooling,153,38250,408051,50000,1.0181021098595313,1,0,4,4,0.99609375,14.0,True,False
1024,256,1.25,7,300000,cooling,154,38500,410718,50000,1.0167375483592214,1,0,4,4,0.99609375,14.0,True,False
1024,256,1.25,7,300000,cooling,155,38750,413385,50000,1.0153748157796751,1,0,4,4,0.99609375,14.0,True,False
1024,256,1.25,7,300000,cooling,156,39000,416052,50000,1.0140139096695913,1,0,4,4,0.99609375,14.0,True,False
1024,256,1.25,7,300000,cooling,157,39250,418719,50000,1.0126548275809542,1,0,4,4,0.99609375,14.0,True,False
1024,256,1.25,7,300000,cooling,158,39500,421386,50000,1.0112975670690292,1,0,4,4,0.99609375,14.0,True,False
1024,256,1.25,7,300000,cooling,159,39750,424053,50000,1.0099421256923584,1,0,4,4,0.99609375,14.0,True,False
1024,256,1.25,7,300000,cooling,160,40000,426720,50000,1.0085885010127562,1,0,4,4,0.99609375,14.0,True,False
1024,256,1.25,7,300000,cooling,161,40250,429387,50000,1.007236690595305,1,0,4,4,0.99609375,14.0,True,False
1024,256,1.25,7,300000,cooling,162,40500,432054,50000,1.0058866920083505,1,0,4,4,0.99609375,14.0,True,False
1024,256,1.25,7,300000,cooling,163,40750,434721,50000,1.0045385028234974,1,0,4,4,0.99609375,14.0,True,False
1024,256,1.25,7,300000,cooling,164,41000,437388,50000,1.0031921206156058,1,0,4,4,0.99609375,14.0,True,False
1024,256,1.25,7,300000,cooling,165,41250,440055,50000,1.0018475429627856,1,0,4,4,0.99609375,14.0,True,False
1024,256,1.25,7,300000,cooling,166,41500,442722,50000,1.000504767446393,1,0,4,4,0.99609375,14.0,True,False
1024,256,1.25,7,300000,cooling,167,41750,445389,50000,0.9991637916510259,1,0,4,4,0.99609375,14.0,True,False
1024,256,1.25,7,300000,cooling,168,42000,448056,50000,0.9978246131645195,1,0,4,4,0.99609375,14.0,True,False
1024,256,1.25,7,300000,cooling,169,42250,450723,50000,0.9964872295779423,1,0,4,4,0.99609375,14.0,True,False
1024,256,1.25,7,300000,cooling,170,42500,453390,50000,0.995151638485591,1,0,4,4,0.99609375,14.0,True,False
1024,256,1.25,7,300000,cooling,171,42750,456057,50000,0.993817837484987,0,2,2,2,0.99609375,20.0,True,False
1024,256,1.25,7,300000,cooling,172,43000,458724,50000,0.9924858241768717,0,0,0,0,1.0,0.0,True,False
1024,256,1.25,7,300000,cooling,173,43250,461391,50000,0.9911555961652021,0,0,0,0,1.0,0.0,True,False
1024,256,1.25,7,300000,cooling,174,43500,464058,50000,0.9898271510571468,0,0,0,0,1.0,0.0,True,False
1024,256,1.25,7,300000,cooling,175,43750,466725,50000,0.9885004864630814,0,0,0,0,1.0,0.0,True,False
1024,256,1.25,7,300000,cooling,176,44000,469392,50000,0.9871755999965842,0,0,0,0,1.0,0.0,True,False
1024,256,1.25,7,300000,cooling,177,44250,472059,50000,0.9858524892744324,0,0,0,0,1.0,0.0,True,False
1024,256,1.25,7,300000,cooling,178,44500,474726,50000,0.9845311519165969,0,0,0,0,1.0,0.0,True,False
1024,256,1.25,7,300000,cooling,179,44750,477393,50000,0.9832115855462389,0,0,0,0,1.0,0.0,True,False
1024,256,1.25,7,300000,cooling,180,45000,480060,50000,0.9818937877897055,0,0,0,0,1.0,0.0,True,False
1024,256,1.25,7,300000,cooling,181,45250,482727,50000,0.9805777562765244,0,0,0,0,1.0,0.0,True,False
1024,256,1.25,7,300000,cooling,182,45500,485394,50000,0.9792634886394013,0,0,0,0,1.0,0.0,True,False
1024,256,1.25,7,300000,cooling,183,45750,488061,50000,0.9779509825142143,0,0,0,0,1.0,0.0,True,False
1024,256,1.25,7,300000,cooling,184,46000,490728,50000,0.9766402355400104,0,0,0,0,1.0,0.0,True,False
1024,256,1.25,7,300000,cooling,185,46250,493395,50000,0.9753312453590006,0,0,0,0,1.0,0.0,True,False
1024,256,1.25,7,300000,cooling,186,46500,496062,50000,0.9740240096165564,0,0,0,0,1.0,0.0,True,False
1024,256,1.25,7,300000,cooling,187,46750,498729,50000,0.9727185259612053,0,0,0,0,1.0,0.0,True,False
1024,256,1.25,7,300000,cooling,188,47000,501396,50000,0.971414792044626,0,0,0,0,1.0,0.0,True,False
1024,256,1.25,7,300000,cooling,189,47250,504063,50000,0.9701128055216451,0,0,0,0,1.0,0.0,True,False
1024,256,1.25,7,300000,cooling,190,47500,506730,50000,0.9688125640502322,0,0,0,0,1.0,0.0,True,False
1024,256,1.25,7,300000,cooling,191,47750,509397,50000,0.9675140652914959,0,0,0,0,1.0,0.0,True,False
1024,256,1.25,7,300000,cooling,192,48000,512064,50000,0.9662173069096798,0,0,0,0,1.0,0.0,True,False
1024,256,1.25,7,300000,cooling,193,48250,514731,50000,0.964922286572158,0,0,0,0,1.0,0.0,True,False
1024,256,1.25,7,300000,cooling,194,48500,517398,50000,0.9636290019494309,0,0,0,0,1.0,0.0,True,False
1024,256,1.25,7,300000,cooling,195,48750,520065,50000,0.9623374507151214,0,0,0,0,1.0,0.0,True,False
1024,256,1.25,7,300000,cooling,196,49000,522732,50000,0.9610476305459702,0,0,0,0,1.0,0.0,True,False
1024,256,1.25,7,300000,cooling,197,49250,525399,50000,0.9597595391218321,0,0,0,0,1.0,0.0,True,False
1024,256,1.25,7,300000,cooling,198,49500,528066,50000,0.9584731741256712,0,0,0,0,1.0,0.0,True,False
1024,256,1.25,7,300000,cooling,199,49750,530733,50000,0.9571885332435577,0,0,0,0,1.0,0.0,True,False
1024,256,1.25,7,300000,cooling,200,50000,533400,50000,0.9559056141646626,0,0,0,0,1.0,0.0,True,False
1024,256,1.25,7,300000,cooling,201,50250,536067,50000,0.9546244145812542,0,0,0,0,1.0,0.0,True,False
1024,256,1.25,7,300000,cooling,202,50500,538734,50000,0.9533449321886943,0,0,0,0,1.0,0.0,True,False
1024,256,1.25,7,300000,cooling,203,50750,541401,50000,0.9520671646854331,0,0,0,0,1.0,0.0,True,False
1024,256,1.25,7,300000,cooling,204,51000,544068,50000,0.9507911097730058,0,0,0,0,1.0,0.0,True,False
1024,256,1.25,7,300000,cooling,205,51250,546735,50000,0.9495167651560281,0,0,0,0,1.0,0.0,True,False
1024,256,1.25,7,300000,cooling,206,51500,549402,50000,0.9482441285421923,0,0,0,0,1.0,0.0,True,False
1024,256,1.25,7,300000,cooling,207,51750,552069,50000,0.9469731976422633,0,0,0,0,1.0,0.0,True,False
1024,256,1.25,7,300000,cooling,208,52000,554736,50000,0.9457039701700737,0,0,0,0,1.0,0.0,True,False
1024,256,1.25,7,300000,cooling,209,52250,557403,50000,0.9444364438425207,0,0,0,0,1.0,0.0,True,False
1024,256,1.25,7,300000,cooling,210,52500,560070,50000,0.9431706163795612,0,0,0,0,1.0,0.0,True,False
1024,256,1.25,7,300000,cooling,211,52750,562737,50000,0.9419064855042086,0,0,0,0,1.0,0.0,True,False
1024,256,1.25,7,300000,cooling,212,53000,565404,50000,0.9406440489425277,0,0,0,0,1.0,0.0,True,False
1024,256,1.25,7,300000,cooling,213,53250,568071,50000,0.939383304423631,0,0,0,0,1.0,0.0,True,False
1024,256,1.25,7,300000,cooling,214,53500,570738,50000,0.938124249679675,0,0,0,0,1.0,0.0,True,False
1024,256,1.25,7,300000,cooling,215,53750,573405,50000,0.9368668824458555,0,0,0,0,1.0,0.0,True,False
1024,256,1.25,7,300000,cooling,216,54000,576072,50000,0.9356112004604039,0,0,0,0,1.0,0.0,True,False
1024,256,1.25,7,300000,cooling,217,54250,578739,50000,0.934357201464583,0,0,0,0,1.0,0.0,True,False
1024,256,1.25,7,300000,cooling,218,54500,581406,50000,0.9331048832026833,0,0,0,0,1.0,0.0,True,False
1024,256,1.25,7,300000,cooling,219,54750,584073,50000,0.9318542434220181,0,0,0,0,1.0,0.0,True,False
1024,256,1.25,7,300000,cooling,220,55000,586740,50000,0.9306052798729203,0,0,0,0,1.0,0.0,True,False
1024,256,1.25,7,300000,cooling,221,55250,589407,50000,0.9293579903087381,0,0,0,0,1.0,0.0,True,False
1024,256,1.25,7,300000,cooling,222,55500,592074,50000,0.9281123724858308,0,0,0,0,1.0,0.0,True,False
1024,256,1.25,7,300000,cooling,223,55750,594741,50000,0.9268684241635647,0,0,0,0,1.0,0.0,True,False
1024,256,1.25,7,300000,cooling,224,56000,597408,50000,0.9256261431043094,0,0,0,0,1.0,0.0,True,False
1024,256,1.25,7,300000,cooling,225,56250,600075,50000,0.9243855270734334,0,0,0,0,1.0,0.0,True,False
1024,256,1.25,7,300000,cooling,226,56500,602742,50000,0.9231465738393003,0,0,0,0,1.0,0.0,True,False
1024,256,1.25,7,300000,cooling,227,56750,605409,50000,0.9219092811732653,0,0,0,0,1.0,0.0,True,False
1024,256,1.25,7,300000,cooling,228,57000,608076,50000,0.9206736468496699,0,0,0,0,1.0,0.0,True,False
1024,256,1.25,7,300000,cooling,229,57250,610743,50000,0.9194396686458389,0,0,0,0,1.0,0.0,True,False
1024,256,1.25,7,300000,cooling,230,57500,613410,50000,0.9182073443420764,0,0,0,0,1.0,0.0,True,False
1024,256,1.25,7,300000,cooling,231,57750,616077,50000,0.9169766717216614,0,0,0,0,1.0,0.0,True,False
1024,256,1.25,7,300000,cooling,232,58000,618744,50000,0.9157476485708438,0,0,0,0,1.0,0.0,True,False
1024,256,1.25,7,300000,cooling,233,58250,621411,50000,0.9145202726788408,0,0,0,0,1.0,0.0,True,False
1024,256,1.25,7,300000,cooling,234,58500,624078,50000,0.9132945418378325,0,0,0,0,1.0,0.0,True,False
1024,256,1.25,7,300000,cooling,235,58750,626745,50000,0.9120704538429585,0,0,0,0,1.0,0.0,True,False
1024,256,1.25,7,300000,cooling,236,59000,629412,50000,0.9108480064923131,0,0,0,0,1.0,0.0,True,False
1024,256,1.25,7,300000,cooling,237,59250,632079,50000,0.9096271975869423,0,0,0,0,1.0,0.0,True,False
1024,256,1.25,7,300000,cooling,238,59500,634746,50000,0.9084080249308389,0,0,0,0,1.0,0.0,True,False
1024,256,1.25,7,300000,cooling,239,59750,637413,50000,0.9071904863309395,0,0,0,0,1.0,0.0,True,False
1024,256,1.25,7,300000,cooling,240,60000,640080,50000,0.9059745795971195,0,0,0,0,1.0,0.0,True,False
1024,256,1.25,7,300000,cooling,241,60250,642747,50000,0.9047603025421901,0,0,0,0,1.0,0.0,True,False
1024,256,1.25,7,300000,cooling,242,60500,645414,50000,0.903547652981894,0,0,0,0,1.0,0.0,True,False
1024,256,1.25,7,300000,cooling,243,60750,648081,50000,0.9023366287349011,0,0,0,0,1.0,0.0,True,False
1024,256,1.25,7,300000,cooling,244,61000,650748,50000,0.9011272276228055,0,0,0,0,1.0,0.0,True,False
1024,256,1.25,7,300000,cooling,245,61250,653415,50000,0.8999194474701205,0,0,0,0,1.0,0.0,True,False
1024,256,1.25,7,300000,cooling,246,61500,656082,50000,0.8987132861042756,0,0,0,0,1.0,0.0,True,False
1024,256,1.25,7,300000,cooling,247,61750,658749,50000,0.8975087413556118,0,0,0,0,1.0,0.0,True,False
1024,256,1.25,7,300000,cooling,248,62000,661416,50000,0.8963058110573784,0,0,0,0,1.0,0.0,True,False
1024,256,1.25,7,300000,cooling,249,62250,664083,50000,0.8951044930457286,0,0,0,0,1.0,0.0,True,False
1024,256,1.25,7,300000,cooling,250,62500,666750,50000,0.8939047851597159,0,0,0,0,1.0,0.0,True,False
1024,256,1.25,7,300000,cooling,251,62750,669417,50000,0.8927066852412904,0,0,0,0,1.0,0.0,True,False
1024,256,1.25,7,300000,cooling,252,63000,672084,50000,0.891510191135294,0,0,0,0,1.0,0.0,True,False
1024,256,1.25,7,300000,cooling,253,63250,674751,50000,0.8903153006894575,0,0,0,0,1.0,0.0,True,False
1024,256,1.25,7,300000,cooling,254,63500,677418,50000,0.8891220117543964,0,0,0,0,1.0,0.0,True,False
1024,256,1.25,7,300000,cooling,255,63750,680085,50000,0.8879303221836075,0,0,0,0,1.0,0.0,True,False
1024,256,1.25,7,300000,cooling,256,64000,682752,50000,0.8867402298334631,0,0,0,0,1.0,0.0,True,False
1024,256,1.25,7,300000,cooling,257,64250,685419,50000,0.8855517325632103,0,0,0,0,1.0,0.0,True,False
1024,256,1.25,7,300000,cooling,258,64500,688086,50000,0.8843648282349647,0,0,0,0,1.0,0.0,True,False
1024,256,1.25,7,300000,cooling,259,64750,690753,50000,0.8831795147137068,0,0,0,0,1.0,0.0,True,False
1024,256,1.25,7,300000,cooling,260,65000,693420,50000,0.8819957898672798,0,0,0,0,1.0,0.0,True,False
1024,256,1.25,7,300000,cooling,261,65250,696087,50000,0.8808136515663835,0,0,0,0,1.0,0.0,True,False
1024,256,1.25,7,300000,cooling,262,65500,698754,50000,0.8796330976845723,0,0,0,0,1.0,0.0,True,False
1024,256,1.25,7,300000,cooling,263,65750,701421,50000,0.8784541260982505,0,0,0,0,1.0,0.0,True,False
1024,256,1.25,7,300000,cooling,264,66000,704088,50000,0.8772767346866686,0,0,0,0,1.0,0.0,True,False
1024,256,1.25,7,300000,cooling,265,66250,706755,50000,0.8761009213319197,0,0,0,0,1.0,0.0,True,False
1024,256,1.25,7,300000,cooling,266,66500,709422,50000,0.8749266839189351,0,0,0,0,1.0,0.0,True,False
1024,256,1.25,7,300000,cooling,267,66750,712089,50000,0.8737540203354816,0,0,0,0,1.0,0.0,True,False
1024,256,1.25,7,300000,cooling,268,67000,714756,50000,0.8725829284721565,0,0,0,0,1.0,0.0,True,False
1024,256,1.25,7,300000,cooling,269,67250,717423,50000,0.8714134062223843,0,0,0,0,1.0,0.0,True,False
1024,256,1.25,7,300000,cooling,270,67500,720090,50000,0.8702454514824132,0,0,0,0,1.0,0.0,True,False
1024,256,1.25,7,300000,cooling,271,67750,722757,50000,0.8690790621513111,0,0,0,0,1.0,0.0,True,False
1024,256,1.25,7,300000,cooling,272,68000,725424,50000,0.8679142361309617,0,0,0,0,1.0,0.0,True,False
1024,256,1.25,7,300000,cooling,273,68250,728091,50000,0.8667509713260606,0,0,0,0,1.0,0.0,True,False
1024,256,1.25,7,300000,cooling,274,68500,730758,50000,0.8655892656441121,0,0,0,0,1.0,0.0,True,False
1024,256,1.25,7,300000,cooling,275,68750,733425,50000,0.8644291169954245,0,0,0,0,1.0,0.0,True,False
1024,256,1.25,7,300000,cooling,276,69000,736092,50000,0.8632705232931076,0,0,0,0,1.0,0.0,True,False
1024,256,1.25,7,300000,cooling,277,69250,738759,50000,0.862113482453068,0,0,0,0,1.0,0.0,True,False
1024,256,1.25,7,300000,cooling,278,69500,741426,50000,0.8609579923940052,0,0,0,0,1.0,0.0,True,False
1024,256,1.25,7,300000,cooling,279,69750,744093,50000,0.8598040510374089,0,0,0,0,1.0,0.0,True,False
1024,256,1.25,7,300000,cooling,280,70000,746760,50000,0.8586516563075541,0,0,0,0,1.0,0.0,True,False
1024,256,1.25,7,300000,cooling,281,70250,749427,50000,0.8575008061314984,0,0,0,0,1.0,0.0,True,False
1024,256,1.25,7,300000,cooling,282,70500,752094,50000,0.8563514984390774,0,0,0,0,1.0,0.0,True,False
1024,256,1.25,7,300000,cooling,283,70750,754761,50000,0.8552037311629013,0,0,0,0,1.0,0.0,True,False
1024,256,1.25,7,300000,cooling,284,71000,757428,50000,0.8540575022383514,0,0,0,0,1.0,0.0,True,False
1024,256,1.25,7,300000,cooling,285,71250,760095,50000,0.8529128096035763,0,0,0,0,1.0,0.0,True,False
1024,256,1.25,7,300000,cooling,286,71500,762762,50000,0.8517696511994878,0,0,0,0,1.0,0.0,True,False
1024,256,1.25,7,300000,cooling,287,71750,765429,50000,0.8506280249697578,0,0,0,0,1.0,0.0,True,False
1024,256,1.25,7,300000,cooling,288,72000,768096,50000,0.8494879288608139,0,0,0,0,1.0,0.0,True,False
1024,256,1.25,7,300000,cooling,289,72250,770763,50000,0.8483493608218367,0,0,0,0,1.0,0.0,True,False
1024,256,1.25,7,300000,cooling,290,72500,773430,50000,0.8472123188047549,0,0,0,0,1.0,0.0,True,False
1024,256,1.25,7,300000,cooling,291,72750,776097,50000,0.8460768007642425,0,0,0,0,1.0,0.0,True,False
1024,256,1.25,7,300000,cooling,292,73000,778764,50000,0.844942804657715,0,0,0,0,1.0,0.0,True,False
1024,256,1.25,7,300000,cooling,293,73250,781431,50000,0.8438103284453252,0,0,0,0,1.0,0.0,True,False
1024,256,1.25,7,300000,cooling,294,73500,784098,50000,0.8426793700899603,0,0,0,0,1.0,0.0,True,False
1024,256,1.25,7,300000,cooling,295,73750,786765,50000,0.8415499275572376,0,0,0,0,1.0,0.0,True,False
1024,256,1.25,7,300000,cooling,296,74000,789432,50000,0.8404219988155011,0,0,0,0,1.0,0.0,True,False
1024,256,1.25,7,300000,cooling,297,74250,792099,50000,0.8392955818358179,0,0,0,0,1.0,0.0,True,False
1024,256,1.25,7,300000,cooling,298,74500,794766,50000,0.8381706745919744,0,0,0,0,1.0,0.0,True,False
1024,256,1.25,7,300000,cooling,299,74750,797433,50000,0.8370472750604729,0,0,0,0,1.0,0.0,True,False
1024,256,1.25,7,300000,cooling,300,75000,800100,50000,0.8359253812205275,0,0,0,0,1.0,0.0,True,False
1024,256,1.25,7,300000,cooling,301,75250,802767,50000,0.8348049910540611,0,0,0,0,1.0,0.0,True,False
1024,256,1.25,7,300000,cooling,302,75500,805434,50000,0.8336861025457011,0,0,0,0,1.0,0.0,True,False
1024,256,1.25,7,300000,cooling,303,75750,808101,50000,0.8325687136827764,0,0,0,0,1.0,0.0,True,False
1024,256,1.25,7,300000,cooling,304,76000,810768,50000,0.8314528224553132,0,0,0,0,1.0,0.0,True,False
1024,256,1.25,7,300000,cooling,305,76250,813435,50000,0.830338426856032,0,0,0,0,1.0,0.0,True,False
1024,256,1.25,7,300000,cooling,306,76500,816102,50000,0.8292255248803432,0,0,0,0,1.0,0.0,True,False
1024,256,1.25,7,300000,cooling,307,76750,818769,50000,0.8281141145263443,0,0,0,0,1.0,0.0,True,False
1024,256,1.25,7,300000,cooling,308,77000,821436,50000,0.827004193794816,0,0,0,0,1.0,0.0,True,False
1024,256,1.25,7,300000,cooling,309,77250,824103,50000,0.8258957606892183,0,0,0,0,1.0,0.0,True,False
1024,256,1.25,7,300000,cooling,310,77500,826770,50000,0.8247888132156873,0,0,0,0,1.0,0.0,True,False
1024,256,1.25,7,300000,cooling,311,77750,829437,50000,0.8236833493830314,0,0,0,0,1.0,0.0,True,False
1024,256,1.25,7,300000,cooling,312,78000,832104,50000,0.822579367202728,0,0,0,0,1.0,0.0,True,False
1024,256,1.25,7,300000,cooling,313,78250,834771,50000,0.8214768646889192,0,0,0,0,1.0,0.0,True,False
1024,256,1.25,7,300000,cooling,314,78500,837438,50000,0.8203758398584095,0,0,0,0,1.0,0.0,True,False
1024,256,1.25,7,300000,cooling,315,78750,840105,50000,0.8192762907306608,0,0,0,0,1.0,0.0,True,False
1024,256,1.25,7,300000,cooling,316,79000,842772,50000,0.81817821532779,0,0,0,0,1.0,0.0,True,False
1024,256,1.25,7,300000,cooling,317,79250,845439,50000,0.8170816116745644,0,0,0,0,1.0,0.0,True,False
1024,256,1.25,7,300000,cooling,318,79500,848106,50000,0.8159864777983994,0,0,0,0,1.0,0.0,True,False
1024,256,1.25,7,300000,cooling,319,79750,850773,50000,0.8148928117293539,0,0,0,0,1.0,0.0,True,False
1024,256,1.25,7,300000,cooling,320,80000,853440,50000,0.8138006115001268,0,0,0,0,1.0,0.0,True,False
1024,256,1.25,7,300000,cooling,321,80250,856107,50000,0.8127098751460543,0,0,0,0,1.0,0.0,True,False
1024,256,1.25,7,300000,cooling,322,80500,858774,50000,0.8116206007051057,0,0,0,0,1.0,0.0,True,False
1024,256,1.25,7,300000,cooling,323,80750,861441,50000,0.8105327862178797,0,0,0,0,1.0,0.0,True,False
1024,256,1.25,7,300000,cooling,324,81000,864108,50000,0.8094464297276015,0,0,0,0,1.0,0.0,True,False
1024,256,1.25,7,300000,cooling,325,81250,866775,50000,0.808361529280119,0,0,0,0,1.0,0.0,True,False
1024,256,1.25,7,300000,cooling,326,81500,869442,50000,0.807278082923899,0,0,0,0,1.0,0.0,True,False
1024,256,1.25,7,300000,cooling,327,81750,872109,50000,0.806196088710024,0,0,0,0,1.0,0.0,True,False
1024,256,1.25,7,300000,cooling,328,82000,874776,50000,0.8051155446921888,0,0,0,0,1.0,0.0,True,False
1024,256,1.25,7,300000,cooling,329,82250,877443,50000,0.8040364489266969,0,0,0,0,1.0,0.0,True,False
1024,256,1.25,7,300000,cooling,330,82500,880110,50000,0.8029587994724563,0,0,0,0,1.0,0.0,True,False
1024,256,1.25,7,300000,cooling,331,82750,882777,50000,0.8018825943909775,0,0,0,0,1.0,0.0,True,False
1024,256,1.25,7,300000,cooling,332,83000,885444,50000,0.8008078317463687,0,0,0,0,1.0,0.0,True,False
1024,256,1.25,7,300000,cooling,333,83250,888111,50000,0.7997345096053327,0,0,0,0,1.0,0.0,True,False
1024,256,1.25,7,300000,cooling,334,83500,890778,50000,0.7986626260371638,0,0,0,0,1.0,0.0,True,False
1024,256,1.25,7,300000,cooling,335,83750,893445,50000,0.7975921791137436,0,0,0,0,1.0,0.0,True,False
1024,256,1.25,7,300000,cooling,336,84000,896112,50000,0.7965231669095385,0,0,0,0,1.0,0.0,True,False
1024,256,1.25,7,300000,cooling,337,84250,898779,50000,0.7954555875015952,0,0,0,0,1.0,0.0,True,False
1024,256,1.25,7,300000,cooling,338,84500,901446,50000,0.7943894389695382,0,0,0,0,1.0,0.0,True,False
1024,256,1.25,7,300000,cooling,339,84750,904113,50000,0.7933247193955651,0,0,0,0,1.0,0.0,True,False
1024,256,1.25,7,300000,cooling,340,85000,906780,50000,0.7922614268644451,0,0,0,0,1.0,0.0,True,False
1024,256,1.25,7,300000,cooling,341,85250,909447,50000,0.7911995594635133,0,0,0,0,1.0,0.0,True,False
1024,256,1.25,7,300000,cooling,342,85500,912114,50000,0.7901391152826688,0,0,0,0,1.0,0.0,True,False
1024,256,1.25,7,300000,cooling,343,85750,914781,50000,0.7890800924143709,0,0,0,0,1.0,0.0,True,False
1024,256,1.25,7,300000,cooling,344,86000,917448,50000,0.7880224889536354,0,0,0,0,1.0,0.0,True,False
1024,256,1.25,7,300000,cooling,345,86250,920115,50000,0.7869663029980313,0,0,0,0,1.0,0.0,True,False
1024,256,1.25,7,300000,cooling,346,86500,922782,50000,0.7859115326476778,0,0,0,0,1.0,0.0,True,False
1024,256,1.25,7,300000,cooling,347,86750,925449,50000,0.7848581760052399,0,0,0,0,1.0,0.0,True,False
1024,256,1.25,7,300000,cooling,348,87000,928116,50000,0.7838062311759262,0,0,0,0,1.0,0.0,True,False
1024,256,1.25,7,300000,cooling,349,87250,930783,50000,0.7827556962674844,0,0,0,0,1.0,0.0,True,False
1024,256,1.25,7,300000,cooling,350,87500,933450,50000,0.7817065693901988,0,0,0,0,1.0,0.0,True,False
1024,256,1.25,7,300000,cooling,351,87750,936117,50000,0.7806588486568862,0,0,0,0,1.0,0.0,True,False
1024,256,1.25,7,300000,cooling,352,88000,938784,50000,0.7796125321828928,0,0,0,0,1.0,0.0,True,False
1024,256,1.25,7,300000,cooling,353,88250,941451,50000,0.7785676180860911,0,0,0,0,1.0,0.0,True,False
1024,256,1.25,7,300000,cooling,354,88500,944118,50000,0.7775241044868758,0,0,0,0,1.0,0.0,True,False
1024,256,1.25,7,300000,cooling,355,88750,946785,50000,0.776481989508161,0,0,0,0,1.0,0.0,True,False
1024,256,1.25,7,300000,cooling,356,89000,949452,50000,0.7754412712753769,0,0,0,0,1.0,0.0,True,False
1024,256,1.25,7,300000,cooling,357,89250,952119,50000,0.7744019479164659,0,0,0,0,1.0,0.0,True,False
1024,256,1.25,7,300000,cooling,358,89500,954786,50000,0.7733640175618794,0,0,0,0,1.0,0.0,True,False
1024,256,1.25,7,300000,cooling,359,89750,957453,50000,0.7723274783445748,0,0,0,0,1.0,0.0,True,False
1024,256,1.25,7,300000,cooling,360,90000,960120,50000,0.7712923284000122,0,0,0,0,1.0,0.0,True,False
1024,256,1.25,7,300000,cooling,361,90250,962787,50000,0.7702585658661497,0,0,0,0,1.0,0.0,True,False
1024,256,1.25,7,300000,cooling,362,90500,965454,50000,0.7692261888834423,0,0,0,0,1.0,0.0,True,False
1024,256,1.25,7,300000,cooling,363,90750,968121,50000,0.7681951955948367,0,0,0,0,1.0,0.0,True,False
1024,256,1.25,7,300000,cooling,364,91000,970788,50000,0.7671655841457686,0,0,0,0,1.0,0.0,True,False
1024,256,1.25,7,300000,cooling,365,91250,973455,50000,0.7661373526841597,0,0,0,0,1.0,0.0,True,False
1024,256,1.25,7,300000,cooling,366,91500,976122,50000,0.7651104993604136,0,0,0,0,1.0,0.0,True,False
1024,256,1.25,7,300000,cooling,367,91750,978789,50000,0.7640850223274134,0,0,0,0,1.0,0.0,True,False
1024,256,1.25,7,300000,cooling,368,92000,981456,50000,0.7630609197405175,0,0,0,0,1.0,0.0,True,False
1024,256,1.25,7,300000,cooling,369,92250,984123,50000,0.7620381897575568,0,0,0,0,1.0,0.0,True,False
1024,256,1.25,7,300000,cooling,370,92500,986790,50000,0.7610168305388312,0,0,0,0,1.0,0.0,True,False
1024,256,1.25,7,300000,cooling,371,92750,989457,50000,0.7599968402471067,0,0,0,0,1.0,0.0,True,False
1024,256,1.25,7,300000,cooling,372,93000,992124,50000,0.758978217047611,0,0,0,0,1.0,0.0,True,False
1024,256,1.25,7,300000,cooling,373,93250,994791,50000,0.7579609591080317,0,0,0,0,1.0,0.0,True,False
1024,256,1.25,7,300000,cooling,374,93500,997458,50000,0.7569450645985121,0,0,0,0,1.0,0.0,True,False
1024,256,1.25,7,300000,cooling,375,93750,1000125,50000,0.7559305316916476,0,0,0,0,1.0,0.0,True,False
1024,256,1.25,7,300000,cooling,376,94000,1002792,50000,0.7549173585624833,0,0,0,0,1.0,0.0,True,False
1024,256,1.25,7,300000,cooling,377,94250,1005459,50000,0.7539055433885101,0,0,0,0,1.0,0.0,True,False
1024,256,1.25,7,300000,cooling,378,94500,1008126,50000,0.7528950843496618,0,0,0,0,1.0,0.0,True,False
1024,256,1.25,7,300000,cooling,379,94750,1010793,50000,0.7518859796283113,0,0,0,0,1.0,0.0,True,False
1024,256,1.25,7,300000,cooling,380,95000,1013460,50000,0.7508782274092682,0,0,0,0,1.0,0.0,True,False
1024,256,1.25,7,300000,cooling,381,95250,1016127,50000,0.7498718258797743,0,0,0,0,1.0,0.0,True,False
1024,256,1.25,7,300000,cooling,382,95500,1018794,50000,0.7488667732295016,0,0,0,0,1.0,0.0,True,False
1024,256,1.25,7,300000,cooling,383,95750,1021461,50000,0.7478630676505482,0,0,0,0,1.0,0.0,True,False
1024,256,1.25,7,300000,cooling,384,96000,1024128,50000,0.7468607073374355,0,0,0,0,1.0,0.0,True,False
1024,256,1.25,7,300000,cooling,385,96250,1026795,50000,0.7458596904871045,0,0,0,0,1.0,0.0,True,False
1024,256,1.25,7,300000,cooling,386,96500,1029462,50000,0.7448600152989133,0,0,0,0,1.0,0.0,True,False
1024,256,1.25,7,300000,cooling,387,96750,1032129,50000,0.7438616799746329,0,0,0,0,1.0,0.0,True,False
1024,256,1.25,7,300000,cooling,388,97000,1034796,50000,0.742864682718445,0,0,0,0,1.0,0.0,True,False
1024,256,1.25,7,300000,cooling,389,97250,1037463,50000,0.7418690217369377,0,0,0,0,1.0,0.0,True,False
1024,256,1.25,7,300000,cooling,390,97500,1040130,50000,0.740874695239103,0,0,0,0,1.0,0.0,True,False
1024,256,1.25,7,300000,cooling,391,97750,1042797,50000,0.7398817014363335,0,0,0,0,1.0,0.0,True,False
1024,256,1.25,7,300000,cooling,392,98000,1045464,50000,0.738890038542419,0,0,0,0,1.0,0.0,True,False
1024,256,1.25,7,300000,cooling,393,98250,1048131,50000,0.7378997047735432,0,0,0,0,1.0,0.0,True,False
1024,256,1.25,7,300000,cooling,394,98500,1050798,50000,0.7369106983482812,0,0,0,0,1.0,0.0,True,False
1024,256,1.25,7,300000,cooling,395,98750,1053465,50000,0.735923017487595,0,0,0,0,1.0,0.0,True,False
1024,256,1.25,7,300000,cooling,396,99000,1056132,50000,0.7349366604148315,0,0,0,0,1.0,0.0,True,False
1024,256,1.25,7,300000,cooling,397,99250,1058799,50000,0.7339516253557187,0,0,0,0,1.0,0.0,True,False
1024,256,1.25,7,300000,cooling,398,99500,1061466,50000,0.7329679105383626,0,0,0,0,1.0,0.0,True,False
1024,256,1.25,7,300000,cooling,399,99750,1064133,50000,0.7319855141932443,0,0,0,0,1.0,0.0,True,False
1024,256,1.25,7,300000,cooling,400,100000,1066800,50000,0.7310044345532165,0,0,0,0,1.0,0.0,True,False
1024,256,1.25,7,300000,cooling,401,100250,1069467,50000,0.7300246698535002,0,0,0,0,1.0,0.0,True,False
1024,256,1.25,7,300000,cooling,402,100500,1072134,50000,0.7290462183316819,0,0,0,0,1.0,0.0,True,False
1024,256,1.25,7,300000,cooling,403,100750,1074801,50000,0.7280690782277104,0,0,0,0,1.0,0.0,True,False
1024,256,1.25,7,300000,cooling,404,101000,1077468,50000,0.727093247783893,0,0,0,0,1.0,0.0,True,False
1024,256,1.25,7,300000,cooling,405,101250,1080135,50000,0.7261187252448933,0,0,0,0,1.0,0.0,True,False
1024,256,1.25,7,300000,cooling,406,101500,1082802,50000,0.7251455088577277,0,0,0,0,1.0,0.0,True,False
1024,256,1.25,7,300000,cooling,407,101750,1085469,50000,0.7241735968717616,0,0,0,0,1.0,0.0,True,False
1024,256,1.25,7,300000,cooling,408,102000,1088136,50000,0.723202987538707,0,0,0,0,1.0,0.0,True,False
1024,256,1.25,7,300000,cooling,409,102250,1090803,50000,0.7222336791126196,0,0,0,0,1.0,0.0,True,False
1024,256,1.25,7,300000,cooling,410,102500,1093470,50000,0.7212656698498943,0,0,0,0,1.0,0.0,True,False
1024,256,1.25,7,300000,cooling,411,102750,1096137,50000,0.7202989580092635,0,0,0,0,1.0,0.0,True,False
1024,256,1.25,7,300000,cooling,412,103000,1098804,50000,0.7193335418517934,0,0,0,0,1.0,0.0,True,False
1024,256,1.25,7,300000,cooling,413,103250,1101471,50000,0.718369419640881,0,0,0,0,1.0,0.0,True,False
1024,256,1.25,7,300000,cooling,414,103500,1104138,50000,0.7174065896422505,0,0,0,0,1.0,0.0,True,False
1024,256,1.25,7,300000,cooling,415,103750,1106805,50000,0.7164450501239505,0,0,0,0,1.0,0.0,True,False
1024,256,1.25,7,300000,cooling,416,104000,1109472,50000,0.7154847993563517,0,0,0,0,1.0,0.0,True,False
1024,256,1.25,7,300000,cooling,417,104250,1112139,50000,0.714525835612142,0,0,0,0,1.0,0.0,True,False
1024,256,1.25,7,300000,cooling,418,104500,1114806,50000,0.7135681571663254,0,0,0,0,1.0,0.0,True,False
1024,256,1.25,7,300000,cooling,419,104750,1117473,50000,0.7126117622962169,0,0,0,0,1.0,0.0,True,False
1024,256,1.25,7,300000,cooling,420,105000,1120140,50000,0.7116566492814413,0,0,0,0,1.0,0.0,True,False
1024,256,1.25,7,300000,cooling,421,105250,1122807,50000,0.7107028164039286,0,0,0,0,1.0,0.0,True,False
1024,256,1.25,7,300000,cooling,422,105500,1125474,50000,0.7097502619479121,0,0,0,0,1.0,0.0,True,False
1024,256,1.25,7,300000,cooling,423,105750,1128141,50000,0.7087989841999242,0,0,0,0,1.0,0.0,True,False
1024,256,1.25,7,300000,cooling,424,106000,1130808,50000,0.707848981448794,0,0,0,0,1.0,0.0,True,False
1024,256,1.25,7,300000,cooling,425,106250,1133475,50000,0.7069002519856443,0,0,0,0,1.0,0.0,True,False
1024,256,1.25,7,300000,cooling,426,106500,1136142,50000,0.7059527941038883,0,0,0,0,1.0,0.0,True,False
1024,256,1.25,7,300000,cooling,427,106750,1138809,50000,0.7050066060992262,0,0,0,0,1.0,0.0,True,False
1024,256,1.25,7,300000,cooling,428,107000,1141476,50000,0.7040616862696426,0,0,0,0,1.0,0.0,True,False
1024,256,1.25,7,300000,cooling,429,107250,1144143,50000,0.7031180329154036,0,0,0,0,1.0,0.0,True,False
1024,256,1.25,7,300000,cooling,430,107500,1146810,50000,0.7021756443390531,0,0,0,0,1.0,0.0,True,False
1024,256,1.25,7,300000,cooling,431,107750,1149477,50000,0.7012345188454103,0,0,0,0,1.0,0.0,True,False
1024,256,1.25,7,300000,cooling,432,108000,1152144,50000,0.7002946547415665,0,0,0,0,1.0,0.0,True,False
1024,256,1.25,7,300000,cooling,433,108250,1154811,50000,0.6993560503368816,0,0,0,0,1.0,0.0,True,False
1024,256,1.25,7,300000,cooling,434,108500,1157478,50000,0.6984187039429819,0,0,0,0,1.0,0.0,True,False
1024,256,1.25,7,300000,cooling,435,108750,1160145,50000,0.6974826138737565,0,0,0,0,1.0,0.0,True,False
1024,256,1.25,7,300000,cooling,436,109000,1162812,50000,0.6965477784453544,0,0,0,0,1.0,0.0,True,False
1024,256,1.25,7,300000,cooling,437,109250,1165479,50000,0.6956141959761815,0,0,0,0,1.0,0.0,True,False
1024,256,1.25,7,300000,cooling,438,109500,1168146,50000,0.6946818647868973,0,0,0,0,1.0,0.0,True,False
1024,256,1.25,7,300000,cooling,439,109750,1170813,50000,0.6937507832004124,0,0,0,0,1.0,0.0,True,False
1024,256,1.25,7,300000,cooling,440,110000,1173480,50000,0.6928209495418851,0,0,0,0,1.0,0.0,True,False
1024,256,1.25,7,300000,cooling,441,110250,1176147,50000,0.6918923621387185,0,0,0,0,1.0,0.0,True,False
1024,256,1.25,7,300000,cooling,442,110500,1178814,50000,0.6909650193205573,0,0,0,0,1.0,0.0,True,False
1024,256,1.25,7,300000,cooling,443,110750,1181481,50000,0.6900389194192855,0,0,0,0,1.0,0.0,True,False
1024,256,1.25,7,300000,cooling,444,111000,1184148,50000,0.689114060769022,0,0,0,0,1.0,0.0,True,False
1024,256,1.25,7,300000,cooling,445,111250,1186815,50000,0.6881904417061195,0,0,0,0,1.0,0.0,True,False
1024,256,1.25,7,300000,cooling,446,111500,1189482,50000,0.6872680605691597,0,0,0,0,1.0,0.0,True,False
1024,256,1.25,7,300000,cooling,447,111750,1192149,50000,0.6863469156989515,0,0,0,0,1.0,0.0,True,False
1024,256,1.25,7,300000,cooling,448,112000,1194816,50000,0.6854270054385274,0,0,0,0,1.0,0.0,True,False
1024,256,1.25,7,300000,cooling,449,112250,1197483,50000,0.6845083281331409,0,0,0,0,1.0,0.0,True,False
1024,256,1.25,7,300000,cooling,450,112500,1200150,50000,0.6835908821302632,0,0,0,0,1.0,0.0,True,False
1024,256,1.25,7,300000,cooling,451,112750,1202817,50000,0.6826746657795806,0,0,0,0,1.0,0.0,True,False
1024,256,1.25,7,300000,cooling,452,113000,1205484,50000,0.681759677432991,0,0,0,0,1.0,0.0,True,False
1024,256,1.25,7,300000,cooling,453,113250,1208151,50000,0.6808459154446016,0,0,0,0,1.0,0.0,True,False
1024,256,1.25,7,300000,cooling,454,113500,1210818,50000,0.6799333781707253,0,0,0,0,1.0,0.0,True,False
1024,256,1.25,7,300000,cooling,455,113750,1213485,50000,0.6790220639698783,0,0,0,0,1.0,0.0,True,False
1024,256,1.25,7,300000,cooling,456,114000,1216152,50000,0.6781119712027766,0,0,0,0,1.0,0.0,True,False
1024,256,1.25,7,300000,cooling,457,114250,1218819,50000,0.6772030982323332,0,0,0,0,1.0,0.0,True,False
1024,256,1.25,7,300000,cooling,458,114500,1221486,50000,0.6762954434236561,0,0,0,0,1.0,0.0,True,False
1024,256,1.25,7,300000,cooling,459,114750,1224153,50000,0.6753890051440437,0,0,0,0,1.0,0.0,True,False
1024,256,1.25,7,300000,cooling,460,115000,1226820,50000,0.6744837817629828,0,0,0,0,1.0,0.0,True,False
1024,256,1.25,7,300000,cooling,461,115250,1229487,50000,0.6735797716521463,0,0,0,0,1.0,0.0,True,False
1024,256,1.25,7,300000,cooling,462,115500,1232154,50000,0.6726769731853885,0,0,0,0,1.0,0.0,True,False
1024,256,1.25,7,300000,cooling,463,115750,1234821,50000,0.6717753847387441,0,0,0,0,1.0,0.0,True,False
1024,256,1.25,7,300000,cooling,464,116000,1237488,50000,0.6708750046904238,0,0,0,0,1.0,0.0,True,False
1024,256,1.25,7,300000,cooling,465,116250,1240155,50000,0.6699758314208122,0,0,0,0,1.0,0.0,True,False
1024,256,1.25,7,300000,cooling,466,116500,1242822,50000,0.6690778633124651,0,0,0,0,1.0,0.0,True,False
1024,256,1.25,7,300000,cooling,467,116750,1245489,50000,0.6681810987501052,0,0,0,0,1.0,0.0,True,False
1024,256,1.25,7,300000,cooling,468,117000,1248156,50000,0.6672855361206211,0,0,0,0,1.0,0.0,True,False
1024,256,1.25,7,300000,cooling,469,117250,1250823,50000,0.666391173813063,0,0,0,0,1.0,0.0,True,False
1024,256,1.25,7,300000,cooling,470,117500,1253490,50000,0.6654980102186402,0,0,0,0,1.0,0.0,True,False
1024,256,1.25,7,300000,cooling,471,117750,1256157,50000,0.6646060437307184,0,0,0,0,1.0,0.0,True,False
1024,256,1.25,7,300000,cooling,472,118000,1258824,50000,0.6637152727448168,0,0,0,0,1.0,0.0,True,False
1024,256,1.25,7,300000,cooling,473,118250,1261491,50000,0.6628256956586047,0,0,0,0,1.0,0.0,True,False
1024,256,1.25,7,300000,cooling,474,118500,1264158,50000,0.6619373108718993,0,0,0,0,1.0,0.0,True,False
1024,256,1.25,7,300000,cooling,475,118750,1266825,50000,0.6610501167866625,0,0,0,0,1.0,0.0,True,False
1024,256,1.25,7,300000,cooling,476,119000,1269492,50000,0.6601641118069981,0,0,0,0,1.0,0.0,True,False
1024,256,1.25,7,300000,cooling,477,119250,1272159,50000,0.6592792943391488,0,0,0,0,1.0,0.0,True,False
1024,256,1.25,7,300000,cooling,478,119500,1274826,50000,0.6583956627914932,0,0,0,0,1.0,0.0,True,False
1024,256,1.25,7,300000,cooling,479,119750,1277493,50000,0.6575132155745433,0,0,0,0,1.0,0.0,True,False
1024,256,1.25,7,300000,cooling,480,120000,1280160,50000,0.6566319511009417,0,0,0,0,1.0,0.0,True,False
1024,256,1.25,7,300000,cooling,481,120250,1282827,50000,0.6557518677854586,0,0,0,0,1.0,0.0,True,False
1024,256,1.25,7,300000,cooling,482,120500,1285494,50000,0.6548729640449882,0,0,0,0,1.0,0.0,True,False
1024,256,1.25,7,300000,cooling,483,120750,1288161,50000,0.6539952382985472,0,0,0,0,1.0,0.0,True,False
1024,256,1.25,7,300000,cooling,484,121000,1290828,50000,0.6531186889672712,0,0,0,0,1.0,0.0,True,False
1024,256,1.25,7,300000,cooling,485,121250,1293495,50000,0.6522433144744115,0,0,0,0,1.0,0.0,True,False
1024,256,1.25,7,300000,cooling,486,121500,1296162,50000,0.6513691132453334,0,0,0,0,1.0,0.0,True,False
1024,256,1.25,7,300000,cooling,487,121750,1298829,50000,0.6504960837075122,0,0,0,0,1.0,0.0,True,False
1024,256,1.25,7,300000,cooling,488,122000,1301496,50000,0.6496242242905308,0,0,0,0,1.0,0.0,True,False
1024,256,1.25,7,300000,cooling,489,122250,1304163,50000,0.6487535334260774,0,0,0,0,1.0,0.0,True,False
1024,256,1.25,7,300000,cooling,490,122500,1306830,50000,0.6478840095479417,0,0,0,0,1.0,0.0,True,False
1024,256,1.25,7,300000,cooling,491,122750,1309497,50000,0.6470156510920129,0,0,0,0,1.0,0.0,True,False
1024,256,1.25,7,300000,cooling,492,123000,1312164,50000,0.6461484564962765,0,0,0,0,1.0,0.0,True,False
1024,256,1.25,7,300000,cooling,493,123250,1314831,50000,0.6452824242008114,0,0,0,0,1.0,0.0,True,False
1024,256,1.25,7,300000,cooling,494,123500,1317498,50000,0.6444175526477876,0,0,0,0,1.0,0.0,True,False
1024,256,1.25,7,300000,cooling,495,123750,1320165,50000,0.6435538402814628,0,0,0,0,1.0,0.0,True,False
1024,256,1.25,7,300000,cooling,496,124000,1322832,50000,0.6426912855481799,0,0,0,0,1.0,0.0,True,False
1024,256,1.25,7,300000,cooling,497,124250,1325499,50000,0.6418298868963641,0,0,0,0,1.0,0.0,True,False
1024,256,1.25,7,300000,cooling,498,124500,1328166,50000,0.6409696427765208,0,0,0,0,1.0,0.0,True,False
1024,256,1.25,7,300000,cooling,499,124750,1330833,50000,0.6401105516412309,0,0,0,0,1.0,0.0,True,False
1024,256,1.25,7,300000,cooling,500,125000,1333500,50000,0.6392526119451504,0,0,0,0,1.0,0.0,True,False
1024,256,1.25,7,300000,cooling,501,125250,1336167,50000,0.6383958221450063,0,0,0,0,1.0,0.0,True,False
1024,256,1.25,7,300000,cooling,502,125500,1338834,50000,0.6375401806995938,0,0,0,0,1.0,0.0,True,False
1024,256,1.25,7,300000,cooling,503,125750,1341501,50000,0.6366856860697739,0,0,0,0,1.0,0.0,True,False
1024,256,1.25,7,300000,cooling,504,126000,1344168,50000,0.6358323367184706,0,0,0,0,1.0,0.0,True,False
1024,256,1.25,7,300000,cooling,505,126250,1346835,50000,0.6349801311106679,0,0,0,0,1.0,0.0,True,False
1024,256,1.25,7,300000,cooling,506,126500,1349502,50000,0.6341290677134072,0,0,0,0,1.0,0.0,True,False
1024,256,1.25,7,300000,cooling,507,126750,1352169,50000,0.6332791449957847,0,0,0,0,1.0,0.0,True,False
1024,256,1.25,7,300000,cooling,508,127000,1354836,50000,0.6324303614289483,0,0,0,0,1.0,0.0,True,False
1024,256,1.25,7,300000,cooling,509,127250,1357503,50000,0.6315827154860947,0,0,0,0,1.0,0.0,True,False
1024,256,1.25,7,300000,cooling,510,127500,1360170,50000,0.6307362056424677,0,0,0,0,1.0,0.0,True,False
1024,256,1.25,7,300000,cooling,511,127750,1362837,50000,0.6298908303753543,0,0,0,0,1.0,0.0,True,False
1024,256,1.25,7,300000,cooling,512,128000,1365504,50000,0.6290465881640825,0,0,0,0,1.0,0.0,True,False
1024,256,1.25,7,300000,cooling,513,128250,1368171,50000,0.6282034774900181,0,0,0,0,1.0,0.0,True,False
1024,256,1.25,7,300000,cooling,514,128500,1370838,50000,0.6273614968365631,0,0,0,0,1.0,0.0,True,False
1024,256,1.25,7,300000,cooling,515,128750,1373505,50000,0.6265206446891513,0,0,0,0,1.0,0.0,True,False
1024,256,1.25,7,300000,cooling,516,129000,1376172,50000,0.6256809195352468,0,0,0,0,1.0,0.0,True,False
1024,256,1.25,7,300000,cooling,517,129250,1378839,50000,0.6248423198643415,0,0,0,0,1.0,0.0,True,False
1024,256,1.25,7,300000,cooling,518,129500,1381506,50000,0.6240048441679511,0,0,0,0,1.0,0.0,True,False
1024,256,1.25,7,300000,cooling,519,129750,1384173,50000,0.6231684909396134,0,0,0,0,1.0,0.0,True,False
1024,256,1.25,7,300000,cooling,520,130000,1386840,50000,0.6223332586748853,0,0,0,0,1.0,0.0,True,False
1024,256,1.25,7,300000,cooling,521,130250,1389507,50000,0.6214991458713403,0,0,0,0,1.0,0.0,True,False
1024,256,1.25,7,300000,cooling,522,130500,1392174,50000,0.620666151028565,0,0,0,0,1.0,0.0,True,False
1024,256,1.25,7,300000,cooling,523,130750,1394841,50000,0.6198342726481578,0,0,0,0,1.0,0.0,True,False
1024,256,1.25,7,300000,cooling,524,131000,1397508,50000,0.6190035092337252,0,0,0,0,1.0,0.0,True,False
1024,256,1.25,7,300000,cooling,525,131250,1400175,50000,0.6181738592908783,0,0,0,0,1.0,0.0,True,False
1024,256,1.25,7,300000,cooling,526,131500,1402842,50000,0.6173453213272327,0,0,0,0,1.0,0.0,True,False
1024,256,1.25,7,300000,cooling,527,131750,1405509,50000,0.6165178938524034,0,0,0,0,1.0,0.0,True,False
1024,256,1.25,7,300000,cooling,528,132000,1408176,50000,0.6156915753780029,0,0,0,0,1.0,0.0,True,False
1024,256,1.25,7,300000,cooling,529,132250,1410843,50000,0.6148663644176388,0,0,0,0,1.0,0.0,True,False
1024,256,1.25,7,300000,cooling,530,132500,1413510,50000,0.6140422594869108,0,0,0,0,1.0,0.0,True,False
1024,256,1.25,7,300000,cooling,531,132750,1416177,50000,0.6132192591034082,0,0,0,0,1.0,0.0,True,False
1024,256,1.25,7,300000,cooling,532,133000,1418844,50000,0.6123973617867075,0,0,0,0,1.0,0.0,True,False
1024,256,1.25,7,300000,cooling,533,133250,1421511,50000,0.6115765660583686,0,0,0,0,1.0,0.0,True,False
1024,256,1.25,7,300000,cooling,534,133500,1424178,50000,0.6107568704419337,0,0,0,0,1.0,0.0,True,False
1024,256,1.25,7,300000,cooling,535,133750,1426845,50000,0.6099382734629237,0,0,0,0,1.0,0.0,True,False
1024,256,1.25,7,300000,cooling,536,134000,1429512,50000,0.6091207736488355,0,0,0,0,1.0,0.0,True,False
1024,256,1.25,7,300000,cooling,537,134250,1432179,50000,0.6083043695291399,0,0,0,0,1.0,0.0,True,False
1024,256,1.25,7,300000,cooling,538,134500,1434846,50000,0.6074890596352784,0,0,0,0,1.0,0.0,True,False
1024,256,1.25,7,300000,cooling,539,134750,1437513,50000,0.6066748425006611,0,0,0,0,1.0,0.0,True,False
1024,256,1.25,7,300000,cooling,540,135000,1440180,50000,0.6058617166606634,0,0,0,0,1.0,0.0,True,False
1024,256,1.25,7,300000,cooling,541,135250,1442847,50000,0.6050496806526241,0,0,0,0,1.0,0.0,True,False
1024,256,1.25,7,300000,cooling,542,135500,1445514,50000,0.6042387330158421,0,0,0,0,1.0,0.0,True,False
1024,256,1.25,7,300000,cooling,543,135750,1448181,50000,0.6034288722915743,0,0,0,0,1.0,0.0,True,False
1024,256,1.25,7,300000,cooling,544,136000,1450848,50000,0.6026200970230327,0,0,0,0,1.0,0.0,True,False
1024,256,1.25,7,300000,cooling,545,136250,1453515,50000,0.6018124057553816,0,0,0,0,1.0,0.0,True,False
1024,256,1.25,7,300000,cooling,546,136500,1456182,50000,0.6010057970357356,0,0,0,0,1.0,0.0,True,False
1024,256,1.25,7,300000,cooling,547,136750,1458849,50000,0.6002002694131565,0,0,0,0,1.0,0.0,True,False
1024,256,1.25,7,300000,cooling,548,137000,1461516,50000,0.5993958214386506,0,0,0,0,1.0,0.0,True,False
1024,256,1.25,7,300000,cooling,549,137250,1464183,50000,0.5985924516651662,0,0,0,0,1.0,0.0,True,False
1024,256,1.25,7,300000,cooling,550,137500,1466850,50000,0.5977901586475916,0,0,0,0,1.0,0.0,True,False
1024,256,1.25,7,300000,cooling,551,137750,1469517,50000,0.5969889409427513,0,0,0,0,1.0,0.0,True,False
1024,256,1.25,7,300000,cooling,552,138000,1472184,50000,0.5961887971094048,0,0,0,0,1.0,0.0,True,False
1024,256,1.25,7,300000,cooling,553,138250,1474851,50000,0.5953897257082428,0,0,0,0,1.0,0.0,True,False
1024,256,1.25,7,300000,cooling,554,138500,1477518,50000,0.594591725301885,0,0,0,0,1.0,0.0,True,False
1024,256,1.25,7,300000,cooling,555,138750,1480185,50000,0.5937947944548781,0,0,0,0,1.0,0.0,True,False
1024,256,1.25,7,300000,cooling,556,139000,1482852,50000,0.5929989317336928,0,0,0,0,1.0,0.0,True,False
1024,256,1.25,7,300000,cooling,557,139250,1485519,50000,0.5922041357067203,0,0,0,0,1.0,0.0,True,False
1024,256,1.25,7,300000,cooling,558,139500,1488186,50000,0.5914104049442713,0,0,0,0,1.0,0.0,True,False
1024,256,1.25,7,300000,cooling,559,139750,1490853,50000,0.5906177380185728,0,0,0,0,1.0,0.0,True,False
1024,256,1.25,7,300000,cooling,560,140000,1493520,50000,0.5898261335037649,0,0,0,0,1.0,0.0,True,False
1024,256,1.25,7,300000,cooling,561,140250,1496187,50000,0.5890355899758991,0,0,0,0,1.0,0.0,True,False
1024,256,1.25,7,300000,cooling,562,140500,1498854,50000,0.5882461060129357,0,0,0,0,1.0,0.0,True,False
1024,256,1.25,7,300000,cooling,563,140750,1501521,50000,0.5874576801947404,0,0,0,0,1.0,0.0,True,False
1024,256,1.25,7,300000,cooling,564,141000,1504188,50000,0.5866703111030825,0,0,0,0,1.0,0.0,True,False
1024,256,1.25,7,300000,cooling,565,141250,1506855,50000,0.5858839973216323,0,0,0,0,1.0,0.0,True,False
1024,256,1.25,7,300000,cooling,566,141500,1509522,50000,0.5850987374359583,0,0,0,0,1.0,0.0,True,False
1024,256,1.25,7,300000,cooling,567,141750,1512189,50000,0.5843145300335248,0,0,0,0,1.0,0.0,True,False
1024,256,1.25,7,300000,cooling,568,142000,1514856,50000,0.5835313737036893,0,0,0,0,1.0,0.0,True,False
1024,256,1.25,7,300000,cooling,569,142250,1517523,50000,0.5827492670377,0,0,0,0,1.0,0.0,True,False
1024,256,1.25,7,300000,cooling,570,142500,1520190,50000,0.5819682086286931,0,0,0,0,1.0,0.0,True,False
1024,256,1.25,7,300000,cooling,571,142750,1522857,50000,0.5811881970716907,0,0,0,0,1.0,0.0,True,False
1024,256,1.25,7,300000,cooling,572,143000,1525524,50000,0.5804092309635976,0,0,0,0,1.0,0.0,True,False
1024,256,1.25,7,300000,cooling,573,143250,1528191,50000,0.5796313089031999,0,0,0,0,1.0,0.0,True,False
1024,256,1.25,7,300000,cooling,574,143500,1530858,50000,0.5788544294911606,0,0,0,0,1.0,0.0,True,False
1024,256,1.25,7,300000,cooling,575,143750,1533525,50000,0.5780785913300194,0,0,0,0,1.0,0.0,True,False
1024,256,1.25,7,300000,cooling,576,144000,1536192,50000,0.5773037930241883,0,0,0,0,1.0,0.0,True,False
1024,256,1.25,7,300000,cooling,577,144250,1538859,50000,0.5765300331799499,0,0,0,0,1.0,0.0,True,False
1024,256,1.25,7,300000,cooling,578,144500,1541526,50000,0.575757310405455,0,0,0,0,1.0,0.0,True,False
1024,256,1.25,7,300000,cooling,579,144750,1544193,50000,0.5749856233107199,0,0,0,0,1.0,0.0,True,False
1024,256,1.25,7,300000,cooling,580,145000,1546860,50000,0.5742149705076237,0,0,0,0,1.0,0.0,True,False
1024,256,1.25,7,300000,cooling,581,145250,1549527,50000,0.573445350609906,0,0,0,0,1.0,0.0,True,False
1024,256,1.25,7,300000,cooling,582,145500,1552194,50000,0.5726767622331645,0,0,0,0,1.0,0.0,True,False
1024,256,1.25,7,300000,cooling,583,145750,1554861,50000,0.5719092039948527,0,0,0,0,1.0,0.0,True,False
1024,256,1.25,7,300000,cooling,584,146000,1557528,50000,0.5711426745142764,0,0,0,0,1.0,0.0,True,False
1024,256,1.25,7,300000,cooling,585,146250,1560195,50000,0.5703771724125926,0,0,0,0,1.0,0.0,True,False
1024,256,1.25,7,300000,cooling,586,146500,1562862,50000,0.5696126963128061,0,0,0,0,1.0,0.0,True,False
1024,256,1.25,7,300000,cooling,587,146750,1565529,50000,0.5688492448397673,0,0,0,0,1.0,0.0,True,False
1024,256,1.25,7,300000,cooling,588,147000,1568196,50000,0.5680868166201698,0,0,0,0,1.0,0.0,True,False
1024,256,1.25,7,300000,cooling,589,147250,1570863,50000,0.5673254102825478,0,0,0,0,1.0,0.0,True,False
1024,256,1.25,7,300000,cooling,590,147500,1573530,50000,0.5665650244572735,0,0,0,0,1.0,0.0,True,False
1024,256,1.25,7,300000,cooling,591,147750,1576197,50000,0.565805657776555,0,0,0,0,1.0,0.0,True,False
1024,256,1.25,7,300000,cooling,592,148000,1578864,50000,0.5650473088744337,0,0,0,0,1.0,0.0,True,False
1024,256,1.25,7,300000,cooling,593,148250,1581531,50000,0.5642899763867817,0,0,0,0,1.0,0.0,True,False
1024,256,1.25,7,300000,cooling,594,148500,1584198,50000,0.5635336589512993,0,0,0,0,1.0,0.0,True,False
1024,256,1.25,7,300000,cooling,595,148750,1586865,50000,0.562778355207513,0,0,0,0,1.0,0.0,True,False
1024,256,1.25,7,300000,cooling,596,149000,1589532,50000,0.5620240637967724,0,0,0,0,1.0,0.0,True,False
1024,256,1.25,7,300000,cooling,597,149250,1592199,50000,0.5612707833622484,0,0,0,0,1.0,0.0,True,False
1024,256,1.25,7,300000,cooling,598,149500,1594866,50000,0.5605185125489304,0,0,0,0,1.0,0.0,True,False
1024,256,1.25,7,300000,cooling,599,149750,1597533,50000,0.5597672500036237,0,0,0,0,1.0,0.0,True,False
1024,256,1.25,7,300000,cooling,600,150000,1600200,50000,0.5590169943749475,0,0,0,0,1.0,0.0,True,False
1024,256,1.25,7,300000,cooling,601,150250,1602867,50000,0.558267744313332,0,0,0,0,1.0,0.0,True,False
1024,256,1.25,7,300000,cooling,602,150500,1605534,50000,0.5575194984710168,0,0,0,0,1.0,0.0,True,False
1024,256,1.25,7,300000,cooling,603,150750,1608201,50000,0.5567722555020473,0,0,0,0,1.0,0.0,True,False
1024,256,1.25,7,300000,cooling,604,151000,1610868,50000,0.5560260140622731,0,0,0,0,1.0,0.0,True,False
1024,256,1.25,7,300000,cooling,605,151250,1613535,50000,0.5552807728093454,0,0,0,0,1.0,0.0,True,False
1024,256,1.25,7,300000,cooling,606,151500,1616202,50000,0.5545365304027143,0,0,0,0,1.0,0.0,True,False
1024,256,1.25,7,300000,cooling,607,151750,1618869,50000,0.5537932855036272,0,0,0,0,1.0,0.0,True,False
1024,256,1.25,7,300000,cooling,608,152000,1621536,50000,0.5530510367751252,0,0,0,0,1.0,0.0,True,False
1024,256,1.25,7,300000,cooling,609,152250,1624203,50000,0.552309782882042,0,0,0,0,1.0,0.0,True,False
1024,256,1.25,7,300000,cooling,610,152500,1626870,50000,0.5515695224909999,0,0,0,0,1.0,0.0,True,False
1024,256,1.25,7,300000,cooling,611,152750,1629537,50000,0.5508302542704092,0,0,0,0,1.0,0.0,True,False
1024,256,1.25,7,300000,cooling,612,153000,1632204,50000,0.5500919768904645,0,0,0,0,1.0,0.0,True,False
1024,256,1.25,7,300000,cooling,613,153250,1634871,50000,0.5493546890231428,0,0,0,0,1.0,0.0,True,False
1024,256,1.25,7,300000,cooling,614,153500,1637538,50000,0.5486183893422011,0,0,0,0,1.0,0.0,True,False
1024,256,1.25,7,300000,cooling,615,153750,1640205,50000,0.5478830765231739,0,0,0,0,1.0,0.0,True,False
1024,256,1.25,7,300000,cooling,616,154000,1642872,50000,0.547148749243371,0,0,0,0,1.0,0.0,True,False
1024,256,1.25,7,300000,cooling,617,154250,1645539,50000,0.5464154061818747,0,0,0,0,1.0,0.0,True,False
1024,256,1.25,7,300000,cooling,618,154500,1648206,50000,0.5456830460195381,0,0,0,0,1.0,0.0,True,False
1024,256,1.25,7,300000,cooling,619,154750,1650873,50000,0.5449516674389822,0,0,0,0,1.0,0.0,True,False
1024,256,1.25,7,300000,cooling,620,155000,1653540,50000,0.5442212691245936,0,0,0,0,1.0,0.0,True,False
1024,256,1.25,7,300000,cooling,621,155250,1656207,50000,0.5434918497625223,0,0,0,0,1.0,0.0,True,False
1024,256,1.25,7,300000,cooling,622,155500,1658874,50000,0.5427634080406792,0,0,0,0,1.0,0.0,True,False
1024,256,1.25,7,300000,cooling,623,155750,1661541,50000,0.542035942648734,0,0,0,0,1.0,0.0,True,False
1024,256,1.25,7,300000,cooling,624,156000,1664208,50000,0.5413094522781122,0,0,0,0,1.0,0.0,True,False
1024,256,1.25,7,300000,cooling,625,156250,1666875,50000,0.5405839356219937,0,0,0,0,1.0,0.0,True,False
1024,256,1.25,7,300000,cooling,626,156500,1669542,50000,0.5398593913753096,0,0,0,0,1.0,0.0,True,False
1024,256,1.25,7,300000,cooling,627,156750,1672209,50000,0.5391358182347401,0,0,0,0,1.0,0.0,True,False
1024,256,1.25,7,300000,cooling,628,157000,1674876,50000,0.5384132148987126,0,0,0,0,1.0,0.0,True,False
1024,256,1.25,7,300000,cooling,629,157250,1677543,50000,0.5376915800673986,0,0,0,0,1.0,0.0,True,False
1024,256,1.25,7,300000,cooling,630,157500,1680210,50000,0.5369709124427122,0,0,0,0,1.0,0.0,True,False
1024,256,1.25,7,300000,cooling,631,157750,1682877,50000,0.5362512107283068,0,0,0,0,1.0,0.0,True,False
1024,256,1.25,7,300000,cooling,632,158000,1685544,50000,0.5355324736295739,0,0,0,0,1.0,0.0,True,False
1024,256,1.25,7,300000,cooling,633,158250,1688211,50000,0.5348146998536395,0,0,0,0,1.0,0.0,True,False
1024,256,1.25,7,300000,cooling,634,158500,1690878,50000,0.534097888109363,0,0,0,0,1.0,0.0,True,False
1024,256,1.25,7,300000,cooling,635,158750,1693545,50000,0.533382037107334,0,0,0,0,1.0,0.0,True,False
1024,256,1.25,7,300000,cooling,636,159000,1696212,50000,0.5326671455598703,0,0,0,0,1.0,0.0,True,False
1024,256,1.25,7,300000,cooling,637,159250,1698879,50000,0.5319532121810158,0,0,0,0,1.0,0.0,True,False
1024,256,1.25,7,300000,cooling,638,159500,1701546,50000,0.5312402356865378,0,0,0,0,1.0,0.0,True,False
1024,256,1.25,7,300000,cooling,639,159750,1704213,50000,0.5305282147939248,0,0,0,0,1.0,0.0,True,False
1024,256,1.25,7,300000,cooling,640,160000,1706880,50000,0.5298171482223843,0,0,0,0,1.0,0.0,True,False
1024,256,1.25,7,300000,cooling,641,160250,1709547,50000,0.5291070346928406,0,0,0,0,1.0,0.0,True,False
1024,256,1.25,7,300000,cooling,642,160500,1712214,50000,0.5283978729279322,0,0,0,0,1.0,0.0,True,False
1024,256,1.25,7,300000,cooling,643,160750,1714881,50000,0.5276896616520097,0,0,0,0,1.0,0.0,True,False
1024,256,1.25,7,300000,cooling,644,161000,1717548,50000,0.5269823995911334,0,0,0,0,1.0,0.0,True,False
1024,256,1.25,7,300000,cooling,645,161250,1720215,50000,0.5262760854730708,0,0,0,0,1.0,0.0,True,False
1024,256,1.25,7,300000,cooling,646,161500,1722882,50000,0.5255707180272953,0,0,0,0,1.0,0.0,True,False
1024,256,1.25,7,300000,cooling,647,161750,1725549,50000,0.5248662959849825,0,0,0,0,1.0,0.0,True,False
1024,256,1.25,7,300000,cooling,648,162000,1728216,50000,0.5241628180790088,0,0,0,0,1.0,0.0,True,False
1024,256,1.25,7,300000,cooling,649,162250,1730883,50000,0.5234602830439491,0,0,0,0,1.0,0.0,True,False
1024,256,1.25,7,300000,cooling,650,162500,1733550,50000,0.5227586896160742,0,0,0,0,1.0,0.0,True,False
1024,256,1.25,7,300000,cooling,651,162750,1736217,50000,0.5220580365333486,0,0,0,0,1.0,0.0,True,False
1024,256,1.25,7,300000,cooling,652,163000,1738884,50000,0.5213583225354284,0,0,0,0,1.0,0.0,True,False
1024,256,1.25,7,300000,cooling,653,163250,1741551,50000,0.520659546363659,0,0,0,0,1.0,0.0,True,False
1024,256,1.25,7,300000,cooling,654,163500,1744218,50000,0.5199617067610728,0,0,0,0,1.0,0.0,True,False
1024,256,1.25,7,300000,cooling,655,163750,1746885,50000,0.5192648024723866,0,0,0,0,1.0,0.0,True,False
1024,256,1.25,7,300000,cooling,656,164000,1749552,50000,0.5185688322440001,0,0,0,0,1.0,0.0,True,False
1024,256,1.25,7,300000,cooling,657,164250,1752219,50000,0.5178737948239927,0,0,0,0,1.0,0.0,True,False
1024,256,1.25,7,300000,cooling,658,164500,1754886,50000,0.5171796889621223,0,0,0,0,1.0,0.0,True,False
1024,256,1.25,7,300000,cooling,659,164750,1757553,50000,0.516486513409822,0,0,0,0,1.0,0.0,True,False
1024,256,1.25,7,300000,cooling,660,165000,1760220,50000,0.5157942669201987,0,0,0,0,1.0,0.0,True,False
1024,256,1.25,7,300000,cooling,661,165250,1762887,50000,0.5151029482480305,0,0,0,0,1.0,0.0,True,False
1024,256,1.25,7,300000,cooling,662,165500,1765554,50000,0.5144125561497641,0,0,0,0,1.0,0.0,True,False
1024,256,1.25,7,300000,cooling,663,165750,1768221,50000,0.5137230893835133,0,0,0,0,1.0,0.0,True,False
1024,256,1.25,7,300000,cooling,664,166000,1770888,50000,0.5130345467090562,0,0,0,0,1.0,0.0,True,False
1024,256,1.25,7,300000,cooling,665,166250,1773555,50000,0.5123469268878336,0,0,0,0,1.0,0.0,True,False
1024,256,1.25,7,300000,cooling,666,166500,1776222,50000,0.5116602286829456,0,0,0,0,1.0,0.0,True,False
1024,256,1.25,7,300000,cooling,667,166750,1778889,50000,0.5109744508591507,0,0,0,0,1.0,0.0,True,False
1024,256,1.25,7,300000,cooling,668,167000,1781556,50000,0.5102895921828627,0,0,0,0,1.0,0.0,True,False
1024,256,1.25,7,300000,cooling,669,167250,1784223,50000,0.5096056514221491,0,0,0,0,1.0,0.0,True,False
1024,256,1.25,7,300000,cooling,670,167500,1786890,50000,0.5089226273467281,0,0,0,0,1.0,0.0,True,False
1024,256,1.25,7,300000,cooling,671,167750,1789557,50000,0.5082405187279672,0,0,0,0,1.0,0.0,True,False
1024,256,1.25,7,300000,cooling,672,168000,1792224,50000,0.5075593243388804,0,0,0,0,1.0,0.0,True,False
1024,256,1.25,7,300000,cooling,673,168250,1794891,50000,0.5068790429541266,0,0,0,0,1.0,0.0,True,False
1024,256,1.25,7,300000,cooling,674,168500,1797558,50000,0.5061996733500065,0,0,0,0,1.0,0.0,True,False
1024,256,1.25,7,300000,cooling,675,168750,1800225,50000,0.5055212143044613,0,0,0,0,1.0,0.0,True,False
1024,256,1.25,7,300000,cooling,676,169000,1802892,50000,0.50484366459707,0,0,0,0,1.0,0.0,True,False
1024,256,1.25,7,300000,cooling,677,169250,1805559,50000,0.5041670230090474,0,0,0,0,1.0,0.0,True,False
1024,256,1.25,7,300000,cooling,678,169500,1808226,50000,0.5034912883232419,0,0,0,0,1.0,0.0,True,False
1024,256,1.25,7,300000,cooling,679,169750,1810893,50000,0.5028164593241329,0,0,0,0,1.0,0.0,True,False
1024,256,1.25,7,300000,cooling,680,170000,1813560,50000,0.5021425347978291,0,0,0,0,1.0,0.0,True,False
1024,256,1.25,7,300000,cooling,681,170250,1816227,50000,0.5014695135320667,0,0,0,0,1.0,0.0,True,False
1024,256,1.25,7,300000,cooling,682,170500,1818894,50000,0.500797394316206,0,0,0,0,1.0,0.0,True,False
1024,256,1.25,7,300000,cooling,683,170750,1821561,50000,0.5001261759412301,0,0,0,0,1.0,0.0,True,False
1024,256,1.25,7,300000,cooling,684,171000,1824228,50000,0.4994558571997429,0,0,0,0,1.0,0.0,True,False
1024,256,1.25,7,300000,cooling,685,171250,1826895,50000,0.498786436885966,0,0,0,0,1.0,0.0,True,False
1024,256,1.25,7,300000,cooling,686,171500,1829562,50000,0.49811791379573767,0,0,0,0,1.0,0.0,True,False
1024,256,1.25,7,300000,cooling,687,171750,1832229,50000,0.49745028672650965,0,0,0,0,1.0,0.0,True,False
1024,256,1.25,7,300000,cooling,688,172000,1834896,50000,0.49678355447734585,0,0,0,0,1.0,0.0,True,False
1024,256,1.25,7,300000,cooling,689,172250,1837563,50000,0.49611771584891945,0,0,0,0,1.0,0.0,True,False
1024,256,1.25,7,300000,cooling,690,172500,1840230,50000,0.4954527696435115,0,0,0,0,1.0,0.0,True,False
1024,256,1.25,7,300000,cooling,691,172750,1842897,50000,0.4947887146650076,0,0,0,0,1.0,0.0,True,False
1024,256,1.25,7,300000,cooling,692,173000,1845564,50000,0.49412554971889744,0,0,0,0,1.0,0.0,True,False
1024,256,1.25,7,300000,cooling,693,173250,1848231,50000,0.49346327361227116,0,0,0,0,1.0,0.0,True,False
1024,256,1.25,7,300000,cooling,694,173500,1850898,50000,0.4928018851538177,0,0,0,0,1.0,0.0,True,False
1024,256,1.25,7,300000,cooling,695,173750,1853565,50000,0.492141383153823,0,0,0,0,1.0,0.0,True,False
1024,256,1.25,7,300000,cooling,696,174000,1856232,50000,0.4914817664241675,0,0,0,0,1.0,0.0,True,False
1024,256,1.25,7,300000,cooling,697,174250,1858899,50000,0.490823033778324,0,0,0,0,1.0,0.0,True,False
1024,256,1.25,7,300000,cooling,698,174500,1861566,50000,0.49016518403135545,0,0,0,0,1.0,0.0,True,False
1024,256,1.25,7,300000,cooling,699,174750,1864233,50000,0.48950821599991334,0,0,0,0,1.0,0.0,True,False
1024,256,1.25,7,300000,cooling,700,175000,1866900,50000,0.4888521285022349,0,0,0,0,1.0,0.0,True,False
1024,256,1.25,7,300000,cooling,701,175250,1869567,50000,0.48819692035814155,0,0,0,0,1.0,0.0,True,False
1024,256,1.25,7,300000,cooling,702,175500,1872234,50000,0.4875425903890362,0,0,0,0,1.0,0.0,True,False
1024,256,1.25,7,300000,cooling,703,175750,1874901,50000,0.4868891374179014,0,0,0,0,1.0,0.0,True,False
1024,256,1.25,7,300000,cooling,704,176000,1877568,50000,0.48623656026929774,0,0,0,0,1.0,0.0,True,False
1024,256,1.25,7,300000,cooling,705,176250,1880235,50000,0.4855848577693608,0,0,0,0,1.0,0.0,True,False
1024,256,1.25,7,300000,cooling,706,176500,1882902,50000,0.48493402874579955,0,0,0,0,1.0,0.0,True,False
1024,256,1.25,7,300000,cooling,707,176750,1885569,50000,0.48428407202789436,0,0,0,0,1.0,0.0,True,False
1024,256,1.25,7,300000,cooling,708,177000,1888236,50000,0.48363498644649455,0,0,0,0,1.0,0.0,True,False
1024,256,1.25,7,300000,cooling,709,177250,1890903,50000,0.4829867708340166,0,0,0,0,1.0,0.0,True,False
1024,256,1.25,7,300000,cooling,710,177500,1893570,50000,0.48233942402444163,0,0,0,0,1.0,0.0,True,False
1024,256,1.25,7,300000,cooling,711,177750,1896237,50000,0.4816929448533139,0,0,0,0,1.0,0.0,True,False
1024,256,1.25,7,300000,cooling,712,178000,1898904,50000,0.4810473321577382,0,0,0,0,1.0,0.0,True,False
1024,256,1.25,7,300000,cooling,713,178250,1901571,50000,0.4804025847763781,0,0,0,0,1.0,0.0,True,False
1024,256,1.25,7,300000,cooling,714,178500,1904238,50000,0.4797587015494534,0,0,0,0,1.0,0.0,True,False
1024,256,1.25,7,300000,cooling,715,178750,1906905,50000,0.47911568131873866,0,0,0,0,1.0,0.0,True,False
1024,256,1.25,7,300000,cooling,716,179000,1909572,50000,0.47847352292756073,0,0,0,0,1.0,0.0,True,False
1024,256,1.25,7,300000,cooling,717,179250,1912239,50000,0.47783222522079666,0,0,0,0,1.0,0.0,True,False
1024,256,1.25,7,300000,cooling,718,179500,1914906,50000,0.47719178704487175,0,0,0,0,1.0,0.0,True,False
1024,256,1.25,7,300000,cooling,719,179750,1917573,50000,0.47655220724775765,0,0,0,0,1.0,0.0,True,False
1024,256,1.25,7,300000,cooling,720,180000,1920240,50000,0.47591348467896966,0,0,0,0,1.0,0.0,True,False
1024,256,1.25,7,300000,cooling,721,180250,1922907,50000,0.4752756181895653,0,0,0,0,1.0,0.0,True,False
1024,256,1.25,7,300000,cooling,722,180500,1925574,50000,0.4746386066321422,0,0,0,0,1.0,0.0,True,False
1024,256,1.25,7,300000,cooling,723,180750,1928241,50000,0.4740024488608354,0,0,0,0,1.0,0.0,True,False
1024,256,1.25,7,300000,cooling,724,181000,1930908,50000,0.47336714373131616,0,0,0,0,1.0,0.0,True,False
1024,256,1.25,7,300000,cooling,725,181250,1933575,50000,0.47273269010078944,0,0,0,0,1.0,0.0,True,False
1024,256,1.25,7,300000,cooling,726,181500,1936242,50000,0.4720990868279915,0,0,0,0,1.0,0.0,True,False
1024,256,1.25,7,300000,cooling,727,181750,1938909,50000,0.4714663327731888,0,0,0,0,1.0,0.0,True,False
1024,256,1.25,7,300000,cooling,728,182000,1941576,50000,0.4708344267981748,0,0,0,0,1.0,0.0,True,False
1024,256,1.25,7,300000,cooling,729,182250,1944243,50000,0.4702033677662689,0,0,0,0,1.0,0.0,True,False
1024,256,1.25,7,300000,cooling,730,182500,1946910,50000,0.4695731545423141,0,0,0,0,1.0,0.0,True,False
1024,256,1.25,7,300000,cooling,731,182750,1949577,50000,0.4689437859926743,0,0,0,0,1.0,0.0,True,False
1024,256,1.25,7,300000,cooling,732,183000,1952244,50000,0.46831526098523335,0,0,0,0,1.0,0.0,True,False
1024,256,1.25,7,300000,cooling,733,183250,1954911,50000,0.4676875783893921,0,0,0,0,1.0,0.0,True,False
1024,256,1.25,7,300000,cooling,734,183500,1957578,50000,0.4670607370760671,0,0,0,0,1.0,0.0,True,False
1024,256,1.25,7,300000,cooling,735,183750,1960245,50000,0.4664347359176879,0,0,0,0,1.0,0.0,True,False
1024,256,1.25,7,300000,cooling,736,184000,1962912,50000,0.46580957378819565,0,0,0,0,1.0,0.0,True,False
1024,256,1.25,7,300000,cooling,737,184250,1965579,50000,0.4651852495630403,0,0,0,0,1.0,0.0,True,False
1024,256,1.25,7,300000,cooling,738,184500,1968246,50000,0.4645617621191793,0,0,0,0,1.0,0.0,True,False
1024,256,1.25,7,300000,cooling,739,184750,1970913,50000,0.46393911033507546,0,0,0,0,1.0,0.0,True,False
1024,256,1.25,7,300000,cooling,740,185000,1973580,50000,0.4633172930906945,0,0,0,0,1.0,0.0,True,False
1024,256,1.25,7,300000,cooling,741,185250,1976247,50000,0.46269630926750355,0,0,0,0,1.0,0.0,True,False
1024,256,1.25,7,300000,cooling,742,185500,1978914,50000,0.4620761577484689,0,0,0,0,1.0,0.0,True,False
1024,256,1.25,7,300000,cooling,743,185750,1981581,50000,0.4614568374180536,0,0,0,0,1.0,0.0,True,False
1024,256,1.25,7,300000,cooling,744,186000,1984248,50000,0.4608383471622164,0,0,0,0,1.0,0.0,True,False
1024,256,1.25,7,300000,cooling,745,186250,1986915,50000,0.4602206858684089,0,0,0,0,1.0,0.0,True,False
1024,256,1.25,7,300000,cooling,746,186500,1989582,50000,0.4596038524255739,0,0,0,0,1.0,0.0,True,False
1024,256,1.25,7,300000,cooling,747,186750,1992249,50000,0.45898784572414336,0,0,0,0,1.0,0.0,True,False
1024,256,1.25,7,300000,cooling,748,187000,1994916,50000,0.45837266465603654,0,0,0,0,1.0,0.0,True,False
1024,256,1.25,7,300000,cooling,749,187250,1997583,50000,0.4577583081146574,0,0,0,0,1.0,0.0,True,False
1024,256,1.25,7,300000,cooling,750,187500,2000250,50000,0.45714477499489364,0,0,0,0,1.0,0.0,True,False
1024,256,1.25,7,300000,cooling,751,187750,2002917,50000,0.4565320641931137,0,0,0,0,1.0,0.0,True,False
1024,256,1.25,7,300000,cooling,752,188000,2005584,50000,0.45592017460716555,0,0,0,0,1.0,0.0,True,False
1024,256,1.25,7,300000,cooling,753,188250,2008251,50000,0.4553091051363742,0,0,0,0,1.0,0.0,True,False
1024,256,1.25,7,300000,cooling,754,188500,2010918,50000,0.4546988546815398,0,0,0,0,1.0,0.0,True,False
1024,256,1.25,7,300000,cooling,755,188750,2013585,50000,0.454089422144936,0,0,0,0,1.0,0.0,True,False
1024,256,1.25,7,300000,cooling,756,189000,2016252,50000,0.45348080643030747,0,0,0,0,1.0,0.0,True,False
1024,256,1.25,7,300000,cooling,757,189250,2018919,50000,0.45287300644286843,0,0,0,0,1.0,0.0,True,False
1024,256,1.25,7,300000,cooling,758,189500,2021586,50000,0.45226602108930036,0,0,0,0,1.0,0.0,True,False
1024,256,1.25,7,300000,cooling,759,189750,2024253,50000,0.4516598492777501,0,0,0,0,1.0,0.0,True,False
1024,256,1.25,7,300000,cooling,760,190000,2026920,50000,0.4510544899178277,0,0,0,0,1.0,0.0,True,False
1024,256,1.25,7,300000,cooling,761,190250,2029587,50000,0.45044994192060506,0,0,0,0,1.0,0.0,True,False
1024,256,1.25,7,300000,cooling,762,190500,2032254,50000,0.4498462041986132,0,0,0,0,1.0,0.0,True,False
1024,256,1.25,7,300000,cooling,763,190750,2034921,50000,0.44924327566584094,0,0,0,0,1.0,0.0,True,False
1024,256,1.25,7,300000,cooling,764,191000,2037588,50000,0.4486411552377325,0,0,0,0,1.0,0.0,True,False
1024,256,1.25,7,300000,cooling,765,191250,2040255,50000,0.44803984183118595,0,0,0,0,1.0,0.0,True,False
1024,256,1.25,7,300000,cooling,766,191500,2042922,50000,0.44743933436455074,0,0,0,0,1.0,0.0,True,False
1024,256,1.25,7,300000,cooling,767,191750,2045589,50000,0.44683963175762614,0,0,0,0,1.0,0.0,True,False
1024,256,1.25,7,300000,cooling,768,192000,2048256,50000,0.44624073293165945,0,0,0,0,1.0,0.0,True,False
1024,256,1.25,7,300000,cooling,769,192250,2050923,50000,0.4456426368093436,0,0,0,0,1.0,0.0,True,False
1024,256,1.25,7,300000,cooling,770,192500,2053590,50000,0.4450453423148154,0,0,0,0,1.0,0.0,True,False
1024,256,1.25,7,300000,cooling,771,192750,2056257,50000,0.44444884837365395,0,0,0,0,1.0,0.0,True,False
1024,256,1.25,7,300000,cooling,772,193000,2058924,50000,0.4438531539128779,0,0,0,0,1.0,0.0,True,False
1024,256,1.25,7,300000,cooling,773,193250,2061591,50000,0.4432582578609444,0,0,0,0,1.0,0.0,True,False
1024,256,1.25,7,300000,cooling,774,193500,2064258,50000,0.4426641591477466,0,0,0,0,1.0,0.0,True,False
1024,256,1.25,7,300000,cooling,775,193750,2066925,50000,0.4420708567046121,0,0,0,0,1.0,0.0,True,False
1024,256,1.25,7,300000,cooling,776,194000,2069592,50000,0.44147834946430076,0,0,0,0,1.0,0.0,True,False
1024,256,1.25,7,300000,cooling,777,194250,2072259,50000,0.4408866363610026,0,0,0,0,1.0,0.0,True,False
1024,256,1.25,7,300000,cooling,778,194500,2074926,50000,0.44029571633033665,0,0,0,0,1.0,0.0,True,False
1024,256,1.25,7,300000,cooling,779,194750,2077593,50000,0.439705588309348,0,0,0,0,1.0,0.0,True,False
1024,256,1.25,7,300000,cooling,780,195000,2080260,50000,0.4391162512365068,0,0,0,0,1.0,0.0,True,False
1024,256,1.25,7,300000,cooling,781,195250,2082927,50000,0.43852770405170594,0,0,0,0,1.0,0.0,True,False
1024,256,1.25,7,300000,cooling,782,195500,2085594,50000,0.43793994569625894,0,0,0,0,1.0,0.0,True,False
1024,256,1.25,7,300000,cooling,783,195750,2088261,50000,0.4373529751128983,0,0,0,0,1.0,0.0,True,False
1024,256,1.25,7,300000,cooling,784,196000,2090928,50000,0.4367667912457739,0,0,0,0,1.0,0.0,True,False
1024,256,1.25,7,300000,cooling,785,196250,2093595,50000,0.43618139304045034,0,0,0,0,1.0,0.0,True,False
1024,256,1.25,7,300000,cooling,786,196500,2096262,50000,0.43559677944390585,0,0,0,0,1.0,0.0,True,False
1024,256,1.25,7,300000,cooling,787,196750,2098929,50000,0.43501294940452984,0,0,0,0,1.0,0.0,True,False
1024,256,1.25,7,300000,cooling,788,197000,2101596,50000,0.4344299018721212,0,0,0,0,1.0,0.0,True,False
1024,256,1.25,7,300000,cooling,789,197250,2104263,50000,0.43384763579788643,0,0,0,0,1.0,0.0,True,False
1024,256,1.25,7,300000,cooling,790,197500,2106930,50000,0.43326615013443764,0,0,0,0,1.0,0.0,True,False
1024,256,1.25,7,300000,cooling,791,197750,2109597,50000,0.4326854438357909,0,0,0,0,1.0,0.0,True,False
1024,256,1.25,7,300000,cooling,792,198000,2112264,50000,0.43210551585736423,0,0,0,0,1.0,0.0,True,False
1024,256,1.25,7,300000,cooling,793,198250,2114931,50000,0.43152636515597553,0,0,0,0,1.0,0.0,True,False
1024,256,1.25,7,300000,cooling,794,198500,2117598,50000,0.430947990689841,0,0,0,0,1.0,0.0,True,False
1024,256,1.25,7,300000,cooling,795,198750,2120265,50000,0.43037039141857303,0,0,0,0,1.0,0.0,True,False
1024,256,1.25,7,300000,cooling,796,199000,2122932,50000,0.42979356630317855,0,0,0,0,1.0,0.0,True,False
1024,256,1.25,7,300000,cooling,797,199250,2125599,50000,0.42921751430605704,0,0,0,0,1.0,0.0,True,False
1024,256,1.25,7,300000,cooling,798,199500,2128266,50000,0.4286422343909987,0,0,0,0,1.0,0.0,True,False
1024,256,1.25,7,300000,cooling,799,199750,2130933,50000,0.4280677255231824,0,0,0,0,1.0,0.0,True,False
1024,256,1.25,7,300000,cooling,800,200000,2133600,50000,0.4274939866691743,0,0,0,0,1.0,0.0,True,False
1024,256,1.25,7,300000,cooling,801,200250,2136267,50000,0.4269210167969252,0,0,0,0,1.0,0.0,True,False
1024,256,1.25,7,300000,cooling,802,200500,2138934,50000,0.4263488148757696,0,0,0,0,1.0,0.0,True,False
1024,256,1.25,7,300000,cooling,803,200750,2141601,50000,0.4257773798764231,0,0,0,0,1.0,0.0,True,False
1024,256,1.25,7,300000,cooling,804,201000,2144268,50000,0.4252067107709811,0,0,0,0,1.0,0.0,True,False
1024,256,1.25,7,300000,cooling,805,201250,2146935,50000,0.4246368065329165,0,0,0,0,1.0,0.0,True,False
1024,256,1.25,7,300000,cooling,806,201500,2149602,50000,0.4240676661370782,0,0,0,0,1.0,0.0,True,False
1024,256,1.25,7,300000,cooling,807,201750,2152269,50000,0.4234992885596889,0,0,0,0,1.0,0.0,True,False
1024,256,1.25,7,300000,cooling,808,202000,2154936,50000,0.4229316727783436,0,0,0,0,1.0,0.0,True,False
1024,256,1.25,7,300000,cooling,809,202250,2157603,50000,0.42236481777200774,0,0,0,0,1.0,0.0,True,False
1024,256,1.25,7,300000,cooling,810,202500,2160270,50000,0.42179872252101513,0,0,0,0,1.0,0.0,True,False
1024,256,1.25,7,300000,cooling,811,202750,2162937,50000,0.4212333860070663,0,0,0,0,1.0,0.0,True,False
1024,256,1.25,7,300000,cooling,812,203000,2165604,50000,0.4206688072132263,0,0,0,0,1.0,0.0,True,False
1024,256,1.25,7,300000,cooling,813,203250,2168271,50000,0.42010498512392364,0,0,0,0,1.0,0.0,True,False
1024,256,1.25,7,300000,cooling,814,203500,2170938,50000,0.4195419187249477,0,0,0,0,1.0,0.0,True,False
1024,256,1.25,7,300000,cooling,815,203750,2173605,50000,0.41897960700344744,0,0,0,0,1.0,0.0,True,False
1024,256,1.25,7,300000,cooling,816,204000,2176272,50000,0.4184180489479291,0,0,0,0,1.0,0.0,True,False
1024,256,1.25,7,300000,cooling,817,204250,2178939,50000,0.41785724354825476,0,0,0,0,1.0,0.0,True,False
1024,256,1.25,7,300000,cooling,818,204500,2181606,50000,0.41729718979564034,0,0,0,0,1.0,0.0,True,False
1024,256,1.25,7,300000,cooling,819,204750,2184273,50000,0.4167378866826537,0,0,0,0,1.0,0.0,True,False
1024,256,1.25,7,300000,cooling,820,205000,2186940,50000,0.4161793332032133,0,0,0,0,1.0,0.0,True,False
1024,256,1.25,7,300000,cooling,821,205250,2189607,50000,0.4156215283525858,0,0,0,0,1.0,0.0,True,False
1024,256,1.25,7,300000,cooling,822,205500,2192274,50000,0.4150644711273846,0,0,0,0,1.0,0.0,True,False
1024,256,1.25,7,300000,cooling,823,205750,2194941,50000,0.4145081605255679,0,0,0,0,1.0,0.0,True,False
1024,256,1.25,7,300000,cooling,824,206000,2197608,50000,0.41395259554643676,0,0,0,0,1.0,0.0,True,False
1024,256,1.25,7,300000,cooling,825,206250,2200275,50000,0.4133977751906338,0,0,0,0,1.0,0.0,True,False
1024,256,1.25,7,300000,cooling,826,206500,2202942,50000,0.4128436984601409,0,0,0,0,1.0,0.0,True,False
1024,256,1.25,7,300000,cooling,827,206750,2205609,50000,0.41229036435827765,0,0,0,0,1.0,0.0,True,False
1024,256,1.25,7,300000,cooling,828,207000,2208276,50000,0.41173777188969946,0,0,0,0,1.0,0.0,True,False
1024,256,1.25,7,300000,cooling,829,207250,2210943,50000,0.4111859200603956,0,0,0,0,1.0,0.0,True,False
1024,256,1.25,7,300000,cooling,830,207500,2213610,50000,0.410634807877688,0,0,0,0,1.0,0.0,True,False
1024,256,1.25,7,300000,cooling,831,207750,2216277,50000,0.41008443435022884,0,0,0,0,1.0,0.0,True,False
1024,256,1.25,7,300000,cooling,832,208000,2218944,50000,0.409534798487999,0,0,0,0,1.0,0.0,True,False
1024,256,1.25,7,300000,cooling,833,208250,2221611,50000,0.40898589930230633,0,0,0,0,1.0,0.0,True,False
1024,256,1.25,7,300000,cooling,834,208500,2224278,50000,0.4084377358057839,0,0,0,0,1.0,0.0,True,False
1024,256,1.25,7,300000,cooling,835,208750,2226945,50000,0.40789030701238793,0,0,0,0,1.0,0.0,True,False
1024,256,1.25,7,300000,cooling,836,209000,2229612,50000,0.4073436119373964,0,0,0,0,1.0,0.0,True,False
1024,256,1.25,7,300000,cooling,837,209250,2232279,50000,0.4067976495974071,0,0,0,0,1.0,0.0,True,False
1024,256,1.25,7,300000,cooling,838,209500,2234946,50000,0.4062524190103359,0,0,0,0,1.0,0.0,True,False
1024,256,1.25,7,300000,cooling,839,209750,2237613,50000,0.4057079191954149,0,0,0,0,1.0,0.0,True,False
1024,256,1.25,7,300000,cooling,840,210000,2240280,50000,0.40516414917319066,0,0,0,0,1.0,0.0,True,False
1024,256,1.25,7,300000,cooling,841,210250,2242947,50000,0.4046211079655226,0,0,0,0,1.0,0.0,True,False
1024,256,1.25,7,300000,cooling,842,210500,2245614,50000,0.40407879459558105,0,0,0,0,1.0,0.0,True,False
1024,256,1.25,7,300000,cooling,843,210750,2248281,50000,0.40353720808784577,0,0,0,0,1.0,0.0,True,False
1024,256,1.25,7,300000,cooling,844,211000,2250948,50000,0.40299634746810387,0,0,0,0,1.0,0.0,True,False
1024,256,1.25,7,300000,cooling,845,211250,2253615,50000,0.4024562117634481,0,0,0,0,1.0,0.0,True,False
1024,256,1.25,7,300000,cooling,846,211500,2256282,50000,0.4019168000022755,0,0,0,0,1.0,0.0,True,False
1024,256,1.25,7,300000,cooling,847,211750,2258949,50000,0.40137811121428496,0,0,0,0,1.0,0.0,True,False
1024,256,1.25,7,300000,cooling,848,212000,2261616,50000,0.4008401444304761,0,0,0,0,1.0,0.0,True,False
1024,256,1.25,7,300000,cooling,849,212250,2264283,50000,0.4003028986831474,0,0,0,0,1.0,0.0,True,False
1024,256,1.25,7,300000,cooling,850,212500,2266950,50000,0.399766373005894,0,0,0,0,1.0,0.0,True,False
1024,256,1.25,7,300000,cooling,851,212750,2269617,50000,0.39923056643360677,0,0,0,0,1.0,0.0,True,False
1024,256,1.25,7,300000,cooling,852,213000,2272284,50000,0.39869547800246957,0,0,0,0,1.0,0.0,True,False
1024,256,1.25,7,300000,cooling,853,213250,2274951,50000,0.39816110674995847,0,0,0,0,1.0,0.0,True,False
1024,256,1.25,7,300000,cooling,854,213500,2277618,50000,0.39762745171483954,0,0,0,0,1.0,0.0,True,False
1024,256,1.25,7,300000,cooling,855,213750,2280285,50000,0.3970945119371671,0,0,0,0,1.0,0.0,True,False
1024,256,1.25,7,300000,cooling,856,214000,2282952,50000,0.3965622864582821,0,0,0,0,1.0,0.0,True,False
1024,256,1.25,7,300000,cooling,857,214250,2285619,50000,0.3960307743208105,0,0,0,0,1.0,0.0,True,False
1024,256,1.25,7,300000,cooling,858,214500,2288286,50000,0.3954999745686613,0,0,0,0,1.0,0.0,True,False
1024,256,1.25,7,300000,cooling,859,214750,2290953,50000,0.3949698862470249,0,0,0,0,1.0,0.0,True,False
1024,256,1.25,7,300000,cooling,860,215000,2293620,50000,0.39444050840237155,0,0,0,0,1.0,0.0,True,False
1024,256,1.25,7,300000,cooling,861,215250,2296287,50000,0.3939118400824495,0,0,0,0,1.0,0.0,True,False
1024,256,1.25,7,300000,cooling,862,215500,2298954,50000,0.3933838803362833,0,0,0,0,1.0,0.0,True,False
1024,256,1.25,7,300000,cooling,863,215750,2301621,50000,0.3928566282141721,0,0,0,0,1.0,0.0,True,False
1024,256,1.25,7,300000,cooling,864,216000,2304288,50000,0.3923300827676878,0,0,0,0,1.0,0.0,True,False
1024,256,1.25,7,300000,cooling,865,216250,2306955,50000,0.39180424304967365,0,0,0,0,1.0,0.0,True,False
1024,256,1.25,7,300000,cooling,866,216500,2309622,50000,0.3912791081142422,0,0,0,0,1.0,0.0,True,False
1024,256,1.25,7,300000,cooling,867,216750,2312289,50000,0.3907546770167741,0,0,0,0,1.0,0.0,True,False
1024,256,1.25,7,300000,cooling,868,217000,2314956,50000,0.3902309488139156,0,0,0,0,1.0,0.0,True,False
1024,256,1.25,7,300000,cooling,869,217250,2317623,50000,0.38970792256357795,0,0,0,0,1.0,0.0,True,False
1024,256,1.25,7,300000,cooling,870,217500,2320290,50000,0.38918559732493424,0,0,0,0,1.0,0.0,True,False
1024,256,1.25,7,300000,cooling,871,217750,2322957,50000,0.3886639721584193,0,0,0,0,1.0,0.0,True,False
1024,256,1.25,7,300000,cooling,872,218000,2325624,50000,0.38814304612572686,0,0,0,0,1.0,0.0,True,False
1024,256,1.25,7,300000,cooling,873,218250,2328291,50000,0.3876228182898085,0,0,0,0,1.0,0.0,True,False
1024,256,1.25,7,300000,cooling,874,218500,2330958,50000,0.38710328771487157,0,0,0,0,1.0,0.0,True,False
1024,256,1.25,7,300000,cooling,875,218750,2333625,50000,0.38658445346637765,0,0,0,0,1.0,0.0,True,False
1024,256,1.25,7,300000,cooling,876,219000,2336292,50000,0.3860663146110409,0,0,0,0,1.0,0.0,True,False
1024,256,1.25,7,300000,cooling,877,219250,2338959,50000,0.38554887021682643,0,0,0,0,1.0,0.0,True,False
1024,256,1.25,7,300000,cooling,878,219500,2341626,50000,0.3850321193529485,0,0,0,0,1.0,0.0,True,False
1024,256,1.25,7,300000,cooling,879,219750,2344293,50000,0.38451606108986897,0,0,0,0,1.0,0.0,True,False
1024,256,1.25,7,300000,cooling,880,220000,2346960,50000,0.38400069449929547,0,0,0,0,1.0,0.0,True,False
1024,256,1.25,7,300000,cooling,881,220250,2349627,50000,0.38348601865417986,0,0,0,0,1.0,0.0,True,False
1024,256,1.25,7,300000,cooling,882,220500,2352294,50000,0.38297203262871643,0,0,0,0,1.0,0.0,True,False
1024,256,1.25,7,300000,cooling,883,220750,2354961,50000,0.38245873549834053,0,0,0,0,1.0,0.0,True,False
1024,256,1.25,7,300000,cooling,884,221000,2357628,50000,0.38194612633972647,0,0,0,0,1.0,0.0,True,False
1024,256,1.25,7,300000,cooling,885,221250,2360295,50000,0.3814342042307864,0,0,0,0,1.0,0.0,True,False
1024,256,1.25,7,300000,cooling,886,221500,2362962,50000,0.38092296825066807,0,0,0,0,1.0,0.0,True,False
1024,256,1.25,7,300000,cooling,887,221750,2365629,50000,0.3804124174797534,0,0,0,0,1.0,0.0,True,False
1024,256,1.25,7,300000,cooling,888,222000,2368296,50000,0.3799025509996571,0,0,0,0,1.0,0.0,True,False
1024,256,1.25,7,300000,cooling,889,222250,2370963,50000,0.37939336789322475,0,0,0,0,1.0,0.0,True,False
1024,256,1.25,7,300000,cooling,890,222500,2373630,50000,0.3788848672445311,0,0,0,0,1.0,0.0,True,False
1024,256,1.25,7,300000,cooling,891,222750,2376297,50000,0.37837704813887846,0,0,0,0,1.0,0.0,True,False
1024,256,1.25,7,300000,cooling,892,223000,2378964,50000,0.3778699096627953,0,0,0,0,1.0,0.0,True,False
1024,256,1.25,7,300000,cooling,893,223250,2381631,50000,0.37736345090403434,0,0,0,0,1.0,0.0,True,False
1024,256,1.25,7,300000,cooling,894,223500,2384298,50000,0.37685767095157086,0,0,0,0,1.0,0.0,True,False
1024,256,1.25,7,300000,cooling,895,223750,2386965,50000,0.3763525688956013,0,0,0,0,1.0,0.0,True,False
1024,256,1.25,7,300000,cooling,896,224000,2389632,50000,0.3758481438275416,0,0,0,0,1.0,0.0,True,False
1024,256,1.25,7,300000,cooling,897,224250,2392299,50000,0.3753443948400253,0,0,0,0,1.0,0.0,True,False
1024,256,1.25,7,300000,cooling,898,224500,2394966,50000,0.37484132102690215,0,0,0,0,1.0,0.0,True,False
1024,256,1.25,7,300000,cooling,899,224750,2397633,50000,0.37433892148323633,0,0,0,0,1.0,0.0,True,False
1024,256,1.25,7,300000,cooling,900,225000,2400300,50000,0.3738371953053052,0,0,0,0,1.0,0.0,True,False
1024,256,1.25,7,300000,cooling,901,225250,2402967,50000,0.3733361415905969,0,0,0,0,1.0,0.0,True,False
1024,256,1.25,7,300000,cooling,902,225500,2405634,50000,0.3728357594378096,0,0,0,0,1.0,0.0,True,False
1024,256,1.25,7,300000,cooling,903,225750,2408301,50000,0.37233604794684955,0,0,0,0,1.0,0.0,True,False
1024,256,1.25,7,300000,cooling,904,226000,2410968,50000,0.37183700621882887,0,0,0,0,1.0,0.0,True,False
1024,256,1.25,7,300000,cooling,905,226250,2413635,50000,0.3713386333560649,0,0,0,0,1.0,0.0,True,False
1024,256,1.25,7,300000,cooling,906,226500,2416302,50000,0.3708409284620781,0,0,0,0,1.0,0.0,True,False
1024,256,1.25,7,300000,cooling,907,226750,2418969,50000,0.3703438906415904,0,0,0,0,1.0,0.0,True,False
1024,256,1.25,7,300000,cooling,908,227000,2421636,50000,0.3698475190005237,0,0,0,0,1.0,0.0,True,False
1024,256,1.25,7,300000,cooling,909,227250,2424303,50000,0.3693518126459982,0,0,0,0,1.0,0.0,True,False
1024,256,1.25,7,300000,cooling,910,227500,2426970,50000,0.36885677068633077,0,0,0,0,1.0,0.0,True,False
1024,256,1.25,7,300000,cooling,911,227750,2429637,50000,0.36836239223103356,0,0,0,0,1.0,0.0,True,False
1024,256,1.25,7,300000,cooling,912,228000,2432304,50000,0.3678686763908121,0,0,0,0,1.0,0.0,True,False
1024,256,1.25,7,300000,cooling,913,228250,2434971,50000,0.367375622277564,0,0,0,0,1.0,0.0,True,False
1024,256,1.25,7,300000,cooling,914,228500,2437638,50000,0.366883229004377,0,0,0,0,1.0,0.0,True,False
1024,256,1.25,7,300000,cooling,915,228750,2440305,50000,0.3663914956855277,0,0,0,0,1.0,0.0,True,False
1024,256,1.25,7,300000,cooling,916,229000,2442972,50000,0.3659004214364797,0,0,0,0,1.0,0.0,True,False
1024,256,1.25,7,300000,cooling,917,229250,2445639,50000,0.3654100053738824,0,0,0,0,1.0,0.0,True,False
1024,256,1.25,7,300000,cooling,918,229500,2448306,50000,0.3649202466155688,0,0,0,0,1.0,0.0,True,False
1024,256,1.25,7,300000,cooling,919,229750,2450973,50000,0.3644311442805547,0,0,0,0,1.0,0.0,True,False
1024,256,1.25,7,300000,cooling,920,230000,2453640,50000,0.3639426974890361,0,0,0,0,1.0,0.0,True,False
1024,256,1.25,7,300000,cooling,921,230250,2456307,50000,0.3634549053623889,0,0,0,0,1.0,0.0,True,False
1024,256,1.25,7,300000,cooling,922,230500,2458974,50000,0.362967767023166,0,0,0,0,1.0,0.0,True,False
1024,256,1.25,7,300000,cooling,923,230750,2461641,50000,0.36248128159509674,0,0,0,0,1.0,0.0,True,False
1024,256,1.25,7,300000,cooling,924,231000,2464308,50000,0.3619954482030847,0,0,0,0,1.0,0.0,True,False
1024,256,1.25,7,300000,cooling,925,231250,2466975,50000,0.36151026597320657,0,0,0,0,1.0,0.0,True,False
1024,256,1.25,7,300000,cooling,926,231500,2469642,50000,0.3610257340327101,0,0,0,0,1.0,0.0,True,False
1024,256,1.25,7,300000,cooling,927,231750,2472309,50000,0.3605418515100129,0,0,0,0,1.0,0.0,True,False
1024,256,1.25,7,300000,cooling,928,232000,2474976,50000,0.3600586175347009,0,0,0,0,1.0,0.0,True,False
1024,256,1.25,7,300000,cooling,929,232250,2477643,50000,0.35957603123752635,0,0,0,0,1.0,0.0,True,False
1024,256,1.25,7,300000,cooling,930,232500,2480310,50000,0.35909409175040696,0,0,0,0,1.0,0.0,True,False
1024,256,1.25,7,300000,cooling,931,232750,2482977,50000,0.3586127982064235,0,0,0,0,1.0,0.0,True,False
1024,256,1.25,7,300000,cooling,932,233000,2485644,50000,0.358132149739819,0,0,0,0,1.0,0.0,True,False
1024,256,1.25,7,300000,cooling,933,233250,2488311,50000,0.35765214548599655,0,0,0,0,1.0,0.0,True,False
1024,256,1.25,7,300000,cooling,934,233500,2490978,50000,0.35717278458151835,0,0,0,0,1.0,0.0,True,False
1024,256,1.25,7,300000,cooling,935,233750,2493645,50000,0.35669406616410376,0,0,0,0,1.0,0.0,True,False
1024,256,1.25,7,300000,cooling,936,234000,2496312,50000,0.3562159893726279,0,0,0,0,1.0,0.0,True,False
1024,256,1.25,7,300000,cooling,937,234250,2498979,50000,0.3557385533471198,0,0,0,0,1.0,0.0,True,False
1024,256,1.25,7,300000,cooling,938,234500,2501646,50000,0.3552617572287615,0,0,0,0,1.0,0.0,True,False
1024,256,1.25,7,300000,cooling,939,234750,2504313,50000,0.35478560015988597,0,0,0,0,1.0,0.0,True,False
1024,256,1.25,7,300000,cooling,940,235000,2506980,50000,0.3543100812839755,0,0,0,0,1.0,0.0,True,False
1024,256,1.25,7,300000,cooling,941,235250,2509647,50000,0.3538351997456606,0,0,0,0,1.0,0.0,True,False
1024,256,1.25,7,300000,cooling,942,235500,2512314,50000,0.35336095469071804,0,0,0,0,1.0,0.0,True,False
1024,256,1.25,7,300000,cooling,943,235750,2514981,50000,0.3528873452660699,0,0,0,0,1.0,0.0,True,False
1024,256,1.25,7,300000,cooling,944,236000,2517648,50000,0.3524143706197812,0,0,0,0,1.0,0.0,True,False
1024,256,1.25,7,300000,cooling,945,236250,2520315,50000,0.35194202990105894,0,0,0,0,1.0,0.0,True,False
1024,256,1.25,7,300000,cooling,946,236500,2522982,50000,0.35147032226025055,0,0,0,0,1.0,0.0,True,False
1024,256,1.25,7,300000,cooling,947,236750,2525649,50000,0.35099924684884215,0,0,0,0,1.0,0.0,True,False
1024,256,1.25,7,300000,cooling,948,237000,2528316,50000,0.3505288028194572,0,0,0,0,1.0,0.0,True,False
1024,256,1.25,7,300000,cooling,949,237250,2530983,50000,0.35005898932585466,0,0,0,0,1.0,0.0,True,False
1024,256,1.25,7,300000,cooling,950,237500,2533650,50000,0.34958980552292823,0,0,0,0,1.0,0.0,True,False
1024,256,1.25,7,300000,cooling,951,237750,2536317,50000,0.34912125056670357,0,0,0,0,1.0,0.0,True,False
1024,256,1.25,7,300000,cooling,952,238000,2538984,50000,0.3486533236143382,0,0,0,0,1.0,0.0,True,False
1024,256,1.25,7,300000,cooling,953,238250,2541651,50000,0.3481860238241189,0,0,0,0,1.0,0.0,True,False
1024,256,1.25,7,300000,cooling,954,238500,2544318,50000,0.3477193503554607,0,0,0,0,1.0,0.0,True,False
1024,256,1.25,7,300000,cooling,955,238750,2546985,50000,0.3472533023689054,0,0,0,0,1.0,0.0,True,False
1024,256,1.25,7,300000,cooling,956,239000,2549652,50000,0.3467878790261196,0,0,0,0,1.0,0.0,True,False
1024,256,1.25,7,300000,cooling,957,239250,2552319,50000,0.3463230794898939,0,0,0,0,1.0,0.0,True,False
1024,256,1.25,7,300000,cooling,958,239500,2554986,50000,0.34585890292414073,0,0,0,0,1.0,0.0,True,False
1024,256,1.25,7,300000,cooling,959,239750,2557653,50000,0.3453953484938932,0,0,0,0,1.0,0.0,True,False
1024,256,1.25,7,300000,cooling,960,240000,2560320,50000,0.3449324153653037,0,0,0,0,1.0,0.0,True,False
1024,256,1.25,7,300000,cooling,961,240250,2562987,50000,0.34447010270564205,0,0,0,0,1.0,0.0,True,False
1024,256,1.25,7,300000,cooling,962,240500,2565654,50000,0.34400840968329405,0,0,0,0,1.0,0.0,True,False
1024,256,1.25,7,300000,cooling,963,240750,2568321,50000,0.3435473354677604,0,0,0,0,1.0,0.0,True,False
1024,256,1.25,7,300000,cooling,964,241000,2570988,50000,0.34308687922965475,0,0,0,0,1.0,0.0,True,False
1024,256,1.25,7,300000,cooling,965,241250,2573655,50000,0.34262704014070244,0,0,0,0,1.0,0.0,True,False
1024,256,1.25,7,300000,cooling,966,241500,2576322,50000,0.34216781737373886,0,0,0,0,1.0,0.0,True,False
1024,256,1.25,7,300000,cooling,967,241750,2578989,50000,0.34170921010270827,0,0,0,0,1.0,0.0,True,False
1024,256,1.25,7,300000,cooling,968,242000,2581656,50000,0.3412512175026617,0,0,0,0,1.0,0.0,True,False
1024,256,1.25,7,300000,cooling,969,242250,2584323,50000,0.34079383874975616,0,0,0,0,1.0,0.0,True,False
1024,256,1.25,7,300000,cooling,970,242500,2586990,50000,0.34033707302125293,0,0,0,0,1.0,0.0,True,False
1024,256,1.25,7,300000,cooling,971,242750,2589657,50000,0.3398809194955157,0,0,0,0,1.0,0.0,True,False
1024,256,1.25,7,300000,cooling,972,243000,2592324,50000,0.33942537735200956,0,0,0,0,1.0,0.0,True,False
1024,256,1.25,7,300000,cooling,973,243250,2594991,50000,0.3389704457712995,0,0,0,0,1.0,0.0,True,False
1024,256,1.25,7,300000,cooling,974,243500,2597658,50000,0.3385161239350485,0,0,0,0,1.0,0.0,True,False
1024,256,1.25,7,300000,cooling,975,243750,2600325,50000,0.33806241102601664,0,0,0,0,1.0,0.0,True,False
1024,256,1.25,7,300000,cooling,976,244000,2602992,50000,0.3376093062280591,0,0,0,0,1.0,0.0,True,False
1024,256,1.25,7,300000,cooling,977,244250,2605659,50000,0.33715680872612513,0,0,0,0,1.0,0.0,True,False
1024,256,1.25,7,300000,cooling,978,244500,2608326,50000,0.3367049177062564,0,0,0,0,1.0,0.0,True,False
1024,256,1.25,7,300000,cooling,979,244750,2610993,50000,0.3362536323555853,0,0,0,0,1.0,0.0,True,False
1024,256,1.25,7,300000,cooling,980,245000,2613660,50000,0.3358029518623339,0,0,0,0,1.0,0.0,True,False
1024,256,1.25,7,300000,cooling,981,245250,2616327,50000,0.33535287541581227,0,0,0,0,1.0,0.0,True,False
1024,256,1.25,7,300000,cooling,982,245500,2618994,50000,0.334903402206417,0,0,0,0,1.0,0.0,True,False
1024,256,1.25,7,300000,cooling,983,245750,2621661,50000,0.33445453142562986,0,0,0,0,1.0,0.0,True,False
1024,256,1.25,7,300000,cooling,984,246000,2624328,50000,0.3340062622660164,0,0,0,0,1.0,0.0,True,False
1024,256,1.25,7,300000,cooling,985,246250,2626995,50000,0.3335585939212238,0,0,0,0,1.0,0.0,True,False
1024,256,1.25,7,300000,cooling,986,246500,2629662,50000,0.3331115255859807,0,0,0,0,1.0,0.0,True,False
1024,256,1.25,7,300000,cooling,987,246750,2632329,50000,0.3326650564560947,0,0,0,0,1.0,0.0,True,False
1024,256,1.25,7,300000,cooling,988,247000,2634996,50000,0.3322191857284512,0,0,0,0,1.0,0.0,True,False
1024,256,1.25,7,300000,cooling,989,247250,2637663,50000,0.3317739126010123,0,0,0,0,1.0,0.0,True,False
1024,256,1.25,7,300000,cooling,990,247500,2640330,50000,0.3313292362728148,0,0,0,0,1.0,0.0,True,False
1024,256,1.25,7,300000,cooling,991,247750,2642997,50000,0.33088515594396906,0,0,0,0,1.0,0.0,True,False
1024,256,1.25,7,300000,cooling,992,248000,2645664,50000,0.3304416708156577,0,0,0,0,1.0,0.0,True,False
1024,256,1.25,7,300000,cooling,993,248250,2648331,50000,0.3299987800901338,0,0,0,0,1.0,0.0,True,False
1024,256,1.25,7,300000,cooling,994,248500,2650998,50000,0.32955648297071977,0,0,0,0,1.0,0.0,True,False
1024,256,1.25,7,300000,cooling,995,248750,2653665,50000,0.3291147786618057,0,0,0,0,1.0,0.0,True,False
1024,256,1.25,7,300000,cooling,996,249000,2656332,50000,0.32867366636884837,0,0,0,0,1.0,0.0,True,False
1024,256,1.25,7,300000,cooling,997,249250,2658999,50000,0.328233145298369,0,0,0,0,1.0,0.0,True,False
1024,256,1.25,7,300000,cooling,998,249500,2661666,50000,0.3277932146579527,0,0,0,0,1.0,0.0,True,False
1024,256,1.25,7,300000,cooling,999,249750,2664333,50000,0.32735387365624635,0,0,0,0,1.0,0.0,True,False
1024,256,1.25,7,300000,cooling,1000,250000,2667000,50000,0.3269151215029576,0,0,0,0,1.0,0.0,True,False
1024,256,1.25,7,300000,cooling,1001,250250,2669667,50000,0.32647695740885363,0,0,0,0,1.0,0.0,True,False
1024,256,1.25,7,300000,cooling,1002,250500,2672334,50000,0.3260393805857589,0,0,0,0,1.0,0.0,True,False
1024,256,1.25,7,300000,cooling,1003,250750,2675001,50000,0.32560239024655446,0,0,0,0,1.0,0.0,True,False
1024,256,1.25,7,300000,cooling,1004,251000,2677668,50000,0.3251659856051766,0,0,0,0,1.0,0.0,True,False
1024,256,1.25,7,300000,cooling,1005,251250,2680335,50000,0.32473016587661485,0,0,0,0,1.0,0.0,True,False
1024,256,1.25,7,300000,cooling,1006,251500,2683002,50000,0.324294930276911,0,0,0,0,1.0,0.0,True,False
1024,256,1.25,7,300000,cooling,1007,251750,2685669,50000,0.3238602780231576,0,0,0,0,1.0,0.0,True,False
1024,256,1.25,7,300000,cooling,1008,252000,2688336,50000,0.32342620833349656,0,0,0,0,1.0,0.0,True,False
1024,256,1.25,7,300000,cooling,1009,252250,2691003,50000,0.32299272042711746,0,0,0,0,1.0,0.0,True,False
1024,256,1.25,7,300000,cooling,1010,252500,2693670,50000,0.32255981352425683,0,0,0,0,1.0,0.0,True,False
1024,256,1.25,7,300000,cooling,1011,252750,2696337,50000,0.32212748684619597,0,0,0,0,1.0,0.0,True,False
1024,256,1.25,7,300000,cooling,1012,253000,2699004,50000,0.32169573961526005,0,0,0,0,1.0,0.0,True,False
1024,256,1.25,7,300000,cooling,1013,253250,2701671,50000,0.32126457105481654,0,0,0,0,1.0,0.0,True,False
1024,256,1.25,7,300000,cooling,1014,253500,2704338,50000,0.3208339803892737,0,0,0,0,1.0,0.0,True,False
1024,256,1.25,7,300000,cooling,1015,253750,2707005,50000,0.3204039668440795,0,0,0,0,1.0,0.0,True,False
1024,256,1.25,7,300000,cooling,1016,254000,2709672,50000,0.31997452964572004,0,0,0,0,1.0,0.0,True,False
1024,256,1.25,7,300000,cooling,1017,254250,2712339,50000,0.3195456680217179,0,0,0,0,1.0,0.0,True,False
1024,256,1.25,7,300000,cooling,1018,254500,2715006,50000,0.31911738120063143,0,0,0,0,1.0,0.0,True,False
1024,256,1.25,7,300000,cooling,1019,254750,2717673,50000,0.3186896684120526,0,0,0,0,1.0,0.0,True,False
1024,256,1.25,7,300000,cooling,1020,255000,2720340,50000,0.3182625288866059,0,0,0,0,1.0,0.0,True,False
1024,256,1.25,7,300000,cooling,1021,255250,2723007,50000,0.3178359618559474,0,0,0,0,1.0,0.0,True,False
1024,256,1.25,7,300000,cooling,1022,255500,2725674,50000,0.31740996655276277,0,0,0,0,1.0,0.0,True,False
1024,256,1.25,7,300000,cooling,1023,255750,2728341,50000,0.31698454221076594,0,0,0,0,1.0,0.0,True,False
1024,256,1.25,7,300000,cooling,1024,256000,2731008,50000,0.3165596880646982,0,0,0,0,1.0,0.0,True,False
1024,256,1.25,7,300000,cooling,1025,256250,2733675,50000,0.31613540335032636,0,0,0,0,1.0,0.0,True,False
1024,256,1.25,7,300000,cooling,1026,256500,2736342,50000,0.3157116873044414,0,0,0,0,1.0,0.0,True,False
1024,256,1.25,7,300000,cooling,1027,256750,2739009,50000,0.3152885391648575,0,0,0,0,1.0,0.0,True,False
1024,256,1.25,7,300000,cooling,1028,257000,2741676,50000,0.31486595817041024,0,0,0,0,1.0,0.0,True,False
1024,256,1.25,7,300000,cooling,1029,257250,2744343,50000,0.3144439435609554,0,0,0,0,1.0,0.0,True,False
1024,256,1.25,7,300000,cooling,1030,257500,2747010,50000,0.31402249457736764,0,0,0,0,1.0,0.0,True,False
1024,256,1.25,7,300000,cooling,1031,257750,2749677,50000,0.313601610461539,0,0,0,0,1.0,0.0,True,False
1024,256,1.25,7,300000,cooling,1032,258000,2752344,50000,0.31318129045637755,0,0,0,0,1.0,0.0,True,False
1024,256,1.25,7,300000,cooling,1033,258250,2755011,50000,0.3127615338058064,0,0,0,0,1.0,0.0,True,False
1024,256,1.25,7,300000,cooling,1034,258500,2757678,50000,0.31234233975476156,0,0,0,0,1.0,0.0,True,False
1024,256,1.25,7,300000,cooling,1035,258750,2760345,50000,0.3119237075491915,0,0,0,0,1.0,0.0,True,False
1024,256,1.25,7,300000,cooling,1036,259000,2763012,50000,0.3115056364360551,0,0,0,0,1.0,0.0,True,False
1024,256,1.25,7,300000,cooling,1037,259250,2765679,50000,0.31108812566332056,0,0,0,0,1.0,0.0,True,False
1024,256,1.25,7,300000,cooling,1038,259500,2768346,50000,0.310671174479964,0,0,0,0,1.0,0.0,True,False
1024,256,1.25,7,300000,cooling,1039,259750,2771013,50000,0.31025478213596824,0,0,0,0,1.0,0.0,True,False
1024,256,1.25,7,300000,cooling,1040,260000,2773680,50000,0.30983894788232136,0,0,0,0,1.0,0.0,True,False
1024,256,1.25,7,300000,cooling,1041,260250,2776347,50000,0.30942367097101525,0,0,0,0,1.0,0.0,True,False
1024,256,1.25,7,300000,cooling,1042,260500,2779014,50000,0.30900895065504436,0,0,0,0,1.0,0.0,True,False
1024,256,1.25,7,300000,cooling,1043,260750,2781681,50000,0.3085947861884044,0,0,0,0,1.0,0.0,True,False
1024,256,1.25,7,300000,cooling,1044,261000,2784348,50000,0.30818117682609086,0,0,0,0,1.0,0.0,True,False
1024,256,1.25,7,300000,cooling,1045,261250,2787015,50000,0.3077681218240979,0,0,0,0,1.0,0.0,True,False
1024,256,1.25,7,300000,cooling,1046,261500,2789682,50000,0.3073556204394168,0,0,0,0,1.0,0.0,True,False
1024,256,1.25,7,300000,cooling,1047,261750,2792349,50000,0.3069436719300346,0,0,0,0,1.0,0.0,True,False
1024,256,1.25,7,300000,cooling,1048,262000,2795016,50000,0.3065322755549331,0,0,0,0,1.0,0.0,True,False
1024,256,1.25,7,300000,cooling,1049,262250,2797683,50000,0.306121430574087,0,0,0,0,1.0,0.0,True,False
1024,256,1.25,7,300000,cooling,1050,262500,2800350,50000,0.30571113624846297,0,0,0,0,1.0,0.0,True,False
1024,256,1.25,7,300000,cooling,1051,262750,2803017,50000,0.3053013918400183,0,0,0,0,1.0,0.0,True,False
1024,256,1.25,7,300000,cooling,1052,263000,2805684,50000,0.3048921966116995,0,0,0,0,1.0,0.0,True,False
1024,256,1.25,7,300000,cooling,1053,263250,2808351,50000,0.3044835498274407,0,0,0,0,1.0,0.0,True,False
1024,256,1.25,7,300000,cooling,1054,263500,2811018,50000,0.3040754507521627,0,0,0,0,1.0,0.0,True,False
1024,256,1.25,7,300000,cooling,1055,263750,2813685,50000,0.3036678986517717,0,0,0,0,1.0,0.0,True,False
1024,256,1.25,7,300000,cooling,1056,264000,2816352,50000,0.3032608927931576,0,0,0,0,1.0,0.0,True,False
1024,256,1.25,7,300000,cooling,1057,264250,2819019,50000,0.30285443244419297,0,0,0,0,1.0,0.0,True,False
1024,256,1.25,7,300000,cooling,1058,264500,2821686,50000,0.30244851687373164,0,0,0,0,1.0,0.0,True,False
1024,256,1.25,7,300000,cooling,1059,264750,2824353,50000,0.30204314535160737,0,0,0,0,1.0,0.0,True,False
1024,256,1.25,7,300000,cooling,1060,265000,2827020,50000,0.3016383171486326,0,0,0,0,1.0,0.0,True,False
1024,256,1.25,7,300000,cooling,1061,265250,2829687,50000,0.301234031536597,0,0,0,0,1.0,0.0,True,False
1024,256,1.25,7,300000,cooling,1062,265500,2832354,50000,0.30083028778826637,0,0,0,0,1.0,0.0,True,False
1024,256,1.25,7,300000,cooling,1063,265750,2835021,50000,0.30042708517738126,0,0,0,0,1.0,0.0,True,False
1024,256,1.25,7,300000,cooling,1064,266000,2837688,50000,0.30002442297865556,0,0,0,0,1.0,0.0,True,False
1024,256,1.25,7,300000,cooling,1065,266250,2840355,50000,0.29962230046777516,0,0,0,0,1.0,0.0,True,False
1024,256,1.25,7,300000,cooling,1066,266500,2843022,50000,0.2992207169213969,0,0,0,0,1.0,0.0,True,False
1024,256,1.25,7,300000,cooling,1067,266750,2845689,50000,0.298819671617147,0,0,0,0,1.0,0.0,True,False
1024,256,1.25,7,300000,cooling,1068,267000,2848356,50000,0.29841916383362005,0,0,0,0,1.0,0.0,True,False
1024,256,1.25,7,300000,cooling,1069,267250,2851023,50000,0.2980191928503773,0,0,0,0,1.0,0.0,True,False
1024,256,1.25,7,300000,cooling,1070,267500,2853690,50000,0.2976197579479458,0,0,0,0,1.0,0.0,True,False
1024,256,1.25,7,300000,cooling,1071,267750,2856357,50000,0.29722085840781687,0,0,0,0,1.0,0.0,True,False
1024,256,1.25,7,300000,cooling,1072,268000,2859024,50000,0.2968224935124448,0,0,0,0,1.0,0.0,True,False
1024,256,1.25,7,300000,cooling,1073,268250,2861691,50000,0.29642466254524547,0,0,0,0,1.0,0.0,True,False
1024,256,1.25,7,300000,cooling,1074,268500,2864358,50000,0.2960273647905955,0,0,0,0,1.0,0.0,True,False
1024,256,1.25,7,300000,cooling,1075,268750,2867025,50000,0.2956305995338305,0,0,0,0,1.0,0.0,True,False
1024,256,1.25,7,300000,cooling,1076,269000,2869692,50000,0.2952343660612439,0,0,0,0,1.0,0.0,True,False
1024,256,1.25,7,300000,cooling,1077,269250,2872359,50000,0.29483866366008576,0,0,0,0,1.0,0.0,True,False
1024,256,1.25,7,300000,cooling,1078,269500,2875026,50000,0.29444349161856154,0,0,0,0,1.0,0.0,True,False
1024,256,1.25,7,300000,cooling,1079,269750,2877693,50000,0.29404884922583047,0,0,0,0,1.0,0.0,True,False
1024,256,1.25,7,300000,cooling,1080,270000,2880360,50000,0.29365473577200474,0,0,0,0,1.0,0.0,True,False
1024,256,1.25,7,300000,cooling,1081,270250,2883027,50000,0.29326115054814794,0,0,0,0,1.0,0.0,True,False
1024,256,1.25,7,300000,cooling,1082,270500,2885694,50000,0.2928680928462739,0,0,0,0,1.0,0.0,True,False
1024,256,1.25,7,300000,cooling,1083,270750,2888361,50000,0.2924755619593451,0,0,0,0,1.0,0.0,True,False
1024,256,1.25,7,300000,cooling,1084,271000,2891028,50000,0.29208355718127205,0,0,0,0,1.0,0.0,True,False
1024,256,1.25,7,300000,cooling,1085,271250,2893695,50000,0.29169207780691137,0,0,0,0,1.0,0.0,True,False
1024,256,1.25,7,300000,cooling,1086,271500,2896362,50000,0.29130112313206485,0,0,0,0,1.0,0.0,True,False
1024,256,1.25,7,300000,cooling,1087,271750,2899029,50000,0.2909106924534781,0,0,0,0,1.0,0.0,True,False
1024,256,1.25,7,300000,cooling,1088,272000,2901696,50000,0.29052078506883944,0,0,0,0,1.0,0.0,True,False
1024,256,1.25,7,300000,cooling,1089,272250,2904363,50000,0.2901314002767782,0,0,0,0,1.0,0.0,True,False
1024,256,1.25,7,300000,cooling,1090,272500,2907030,50000,0.28974253737686406,0,0,0,0,1.0,0.0,True,False
1024,256,1.25,7,300000,cooling,1091,272750,2909697,50000,0.28935419566960535,0,0,0,0,1.0,0.0,True,False
1024,256,1.25,7,300000,cooling,1092,273000,2912364,50000,0.2889663744564479,0,0,0,0,1.0,0.0,True,False
1024,256,1.25,7,300000,cooling,1093,273250,2915031,50000,0.2885790730397739,0,0,0,0,1.0,0.0,True,False
1024,256,1.25,7,300000,cooling,1094,273500,2917698,50000,0.28819229072290053,0,0,0,0,1.0,0.0,True,False
1024,256,1.25,7,300000,cooling,1095,273750,2920365,50000,0.2878060268100786,0,0,0,0,1.0,0.0,True,False
1024,256,1.25,7,300000,cooling,1096,274000,2923032,50000,0.2874202806064917,0,0,0,0,1.0,0.0,True,False
1024,256,1.25,7,300000,cooling,1097,274250,2925699,50000,0.28703505141825436,0,0,0,0,1.0,0.0,True,False
1024,256,1.25,7,300000,cooling,1098,274500,2928366,50000,0.28665033855241145,0,0,0,0,1.0,0.0,True,False
1024,256,1.25,7,300000,cooling,1099,274750,2931033,50000,0.28626614131693634,0,0,0,0,1.0,0.0,True,False
1024,256,1.25,7,300000,cooling,1100,275000,2933700,50000,0.2858824590207301,0,0,0,0,1.0,0.0,True,False
1024,256,1.25,7,300000,cooling,1101,275250,2936367,50000,0.2854992909736199,0,0,0,0,1.0,0.0,True,False
1024,256,1.25,7,300000,cooling,1102,275500,2939034,50000,0.28511663648635827,0,0,0,0,1.0,0.0,True,False
1024,256,1.25,7,300000,cooling,1103,275750,2941701,50000,0.2847344948706211,0,0,0,0,1.0,0.0,True,False
1024,256,1.25,7,300000,cooling,1104,276000,2944368,50000,0.2843528654390072,0,0,0,0,1.0,0.0,True,False
1024,256,1.25,7,300000,cooling,1105,276250,2947035,50000,0.2839717475050365,0,0,0,0,1.0,0.0,True,False
1024,256,1.25,7,300000,cooling,1106,276500,2949702,50000,0.2835911403831492,0,0,0,0,1.0,0.0,True,False
1024,256,1.25,7,300000,cooling,1107,276750,2952369,50000,0.2832110433887041,0,0,0,0,1.0,0.0,True,False
1024,256,1.25,7,300000,cooling,1108,277000,2955036,50000,0.28283145583797786,0,0,0,0,1.0,0.0,True,False
1024,256,1.25,7,300000,cooling,1109,277250,2957703,50000,0.2824523770481634,0,0,0,0,1.0,0.0,True,False
1024,256,1.25,7,300000,cooling,1110,277500,2960370,50000,0.2820738063373689,0,0,0,0,1.0,0.0,True,False
1024,256,1.25,7,300000,cooling,1111,277750,2963037,50000,0.28169574302461636,0,0,0,0,1.0,0.0,True,False
1024,256,1.25,7,300000,cooling,1112,278000,2965704,50000,0.28131818642984063,0,0,0,0,1.0,0.0,True,False
1024,256,1.25,7,300000,cooling,1113,278250,2968371,50000,0.2809411358738879,0,0,0,0,1.0,0.0,True,False
1024,256,1.25,7,300000,cooling,1114,278500,2971038,50000,0.28056459067851486,0,0,0,0,1.0,0.0,True,False
1024,256,1.25,7,300000,cooling,1115,278750,2973705,50000,0.2801885501663869,0,0,0,0,1.0,0.0,True,False
1024,256,1.25,7,300000,cooling,1116,279000,2976372,50000,0.2798130136610776,0,0,0,0,1.0,0.0,True,False
1024,256,1.25,7,300000,cooling,1117,279250,2979039,50000,0.279437980487067,0,0,0,0,1.0,0.0,True,False
1024,256,1.25,7,300000,cooling,1118,279500,2981706,50000,0.27906344996974036,0,0,0,0,1.0,0.0,True,False
1024,256,1.25,7,300000,cooling,1119,279750,2984373,50000,0.2786894214353875,0,0,0,0,1.0,0.0,True,False
1024,256,1.25,7,300000,cooling,1120,280000,2987040,50000,0.27831589421120084,0,0,0,0,1.0,0.0,True,False
1024,256,1.25,7,300000,cooling,1121,280250,2989707,50000,0.2779428676252749,0,0,0,0,1.0,0.0,True,False
1024,256,1.25,7,300000,cooling,1122,280500,2992374,50000,0.2775703410066045,0,0,0,0,1.0,0.0,True,False
1024,256,1.25,7,300000,cooling,1123,280750,2995041,50000,0.27719831368508396,0,0,0,0,1.0,0.0,True,False
1024,256,1.25,7,300000,cooling,1124,281000,2997708,50000,0.2768267849915056,0,0,0,0,1.0,0.0,True,False
1024,256,1.25,7,300000,cooling,1125,281250,3000375,50000,0.2764557542575588,0,0,0,0,1.0,0.0,True,False
1024,256,1.25,7,300000,cooling,1126,281500,3003042,50000,0.27608522081582865,0,0,0,0,1.0,0.0,True,False
1024,256,1.25,7,300000,cooling,1127,281750,3005709,50000,0.2757151839997947,0,0,0,0,1.0,0.0,True,False
1024,256,1.25,7,300000,cooling,1128,282000,3008376,50000,0.2753456431438301,0,0,0,0,1.0,0.0,True,False
1024,256,1.25,7,300000,cooling,1129,282250,3011043,50000,0.27497659758319964,0,0,0,0,1.0,0.0,True,False
1024,256,1.25,7,300000,cooling,1130,282500,3013710,50000,0.2746080466540595,0,0,0,0,1.0,0.0,True,False
1024,256,1.25,7,300000,cooling,1131,282750,3016377,50000,0.27423998969345553,0,0,0,0,1.0,0.0,True,False
1024,256,1.25,7,300000,cooling,1132,283000,3019044,50000,0.273872426039322,0,0,0,0,1.0,0.0,True,False
1024,256,1.25,7,300000,cooling,1133,283250,3021711,50000,0.27350535503048057,0,0,0,0,1.0,0.0,True,False
1024,256,1.25,7,300000,cooling,1134,283500,3024378,50000,0.2731387760066392,0,0,0,0,1.0,0.0,True,False
1024,256,1.25,7,300000,cooling,1135,283750,3027045,50000,0.27277268830839074,0,0,0,0,1.0,0.0,True,False
1024,256,1.25,7,300000,cooling,1136,284000,3029712,50000,0.2724070912772118,0,0,0,0,1.0,0.0,True,False
1024,256,1.25,7,300000,cooling,1137,284250,3032379,50000,0.2720419842554617,0,0,0,0,1.0,0.0,True,False
1024,256,1.25,7,300000,cooling,1138,284500,3035046,50000,0.2716773665863812,0,0,0,0,1.0,0.0,True,False
1024,256,1.25,7,300000,cooling,1139,284750,3037713,50000,0.2713132376140913,0,0,0,0,1.0,0.0,True,False
1024,256,1.25,7,300000,cooling,1140,285000,3040380,50000,0.2709495966835921,0,0,0,0,1.0,0.0,True,False
1024,256,1.25,7,300000,cooling,1141,285250,3043047,50000,0.27058644314076136,0,0,0,0,1.0,0.0,True,False
1024,256,1.25,7,300000,cooling,1142,285500,3045714,50000,0.2702237763323539,0,0,0,0,1.0,0.0,True,False
1024,256,1.25,7,300000,cooling,1143,285750,3048381,50000,0.26986159560599987,0,0,0,0,1.0,0.0,True,False
1024,256,1.25,7,300000,cooling,1144,286000,3051048,50000,0.26949990031020393,0,0,0,0,1.0,0.0,True,False
1024,256,1.25,7,300000,cooling,1145,286250,3053715,50000,0.2691386897943438,0,0,0,0,1.0,0.0,True,False
1024,256,1.25,7,300000,cooling,1146,286500,3056382,50000,0.26877796340866933,0,0,0,0,1.0,0.0,True,False
1024,256,1.25,7,300000,cooling,1147,286750,3059049,50000,0.2684177205043012,0,0,0,0,1.0,0.0,True,False
1024,256,1.25,7,300000,cooling,1148,287000,3061716,50000,0.26805796043322966,0,0,0,0,1.0,0.0,True,False
1024,256,1.25,7,300000,cooling,1149,287250,3064383,50000,0.26769868254831375,0,0,0,0,1.0,0.0,True,False
1024,256,1.25,7,300000,cooling,1150,287500,3067050,50000,0.26733988620327964,0,0,0,0,1.0,0.0,True,False
1024,256,1.25,7,300000,cooling,1151,287750,3069717,50000,0.2669815707527199,0,0,0,0,1.0,0.0,True,False
1024,256,1.25,7,300000,cooling,1152,288000,3072384,50000,0.26662373555209185,0,0,0,0,1.0,0.0,True,False
1024,256,1.25,7,300000,cooling,1153,288250,3075051,50000,0.26626637995771696,0,0,0,0,1.0,0.0,True,False
1024,256,1.25,7,300000,cooling,1154,288500,3077718,50000,0.2659095033267793,0,0,0,0,1.0,0.0,True,False
1024,256,1.25,7,300000,cooling,1155,288750,3080385,50000,0.2655531050173246,0,0,0,0,1.0,0.0,True,False
1024,256,1.25,7,300000,cooling,1156,289000,3083052,50000,0.26519718438825884,0,0,0,0,1.0,0.0,True,False
1024,256,1.25,7,300000,cooling,1157,289250,3085719,50000,0.2648417407993474,0,0,0,0,1.0,0.0,True,False
1024,256,1.25,7,300000,cooling,1158,289500,3088386,50000,0.2644867736112137,0,0,0,0,1.0,0.0,True,False
1024,256,1.25,7,300000,cooling,1159,289750,3091053,50000,0.26413228218533813,0,0,0,0,1.0,0.0,True,False
1024,256,1.25,7,300000,cooling,1160,290000,3093720,50000,0.2637782658840569,0,0,0,0,1.0,0.0,True,False
1024,256,1.25,7,300000,cooling,1161,290250,3096387,50000,0.26342472407056083,0,0,0,0,1.0,0.0,True,False
1024,256,1.25,7,300000,cooling,1162,290500,3099054,50000,0.2630716561088944,0,0,0,0,1.0,0.0,True,False
1024,256,1.25,7,300000,cooling,1163,290750,3101721,50000,0.2627190613639543,0,0,0,0,1.0,0.0,True,False
1024,256,1.25,7,300000,cooling,1164,291000,3104388,50000,0.2623669392014884,0,0,0,0,1.0,0.0,True,False
1024,256,1.25,7,300000,cooling,1165,291250,3107055,50000,0.2620152889880949,0,0,0,0,1.0,0.0,True,False
1024,256,1.25,7,300000,cooling,1166,291500,3109722,50000,0.26166411009122076,0,0,0,0,1.0,0.0,True,False
1024,256,1.25,7,300000,cooling,1167,291750,3112389,50000,0.2613134018791608,0,0,0,0,1.0,0.0,True,False
1024,256,1.25,7,300000,cooling,1168,292000,3115056,50000,0.2609631637210565,0,0,0,0,1.0,0.0,True,False
1024,256,1.25,7,300000,cooling,1169,292250,3117723,50000,0.26061339498689495,0,0,0,0,1.0,0.0,True,False
1024,256,1.25,7,300000,cooling,1170,292500,3120390,50000,0.2602640950475075,0,0,0,0,1.0,0.0,True,False
1024,256,1.25,7,300000,cooling,1171,292750,3123057,50000,0.25991526327456893,0,0,0,0,1.0,0.0,True,False
1024,256,1.25,7,300000,cooling,1172,293000,3125724,50000,0.25956689904059604,0,0,0,0,1.0,0.0,True,False
1024,256,1.25,7,300000,cooling,1173,293250,3128391,50000,0.25921900171894674,0,0,0,0,1.0,0.0,True,False
1024,256,1.25,7,300000,cooling,1174,293500,3131058,50000,0.25887157068381883,0,0,0,0,1.0,0.0,True,False
1024,256,1.25,7,300000,cooling,1175,293750,3133725,50000,0.2585246053102488,0,0,0,0,1.0,0.0,True,False
1024,256,1.25,7,300000,cooling,1176,294000,3136392,50000,0.25817810497411076,0,0,0,0,1.0,0.0,True,False
1024,256,1.25,7,300000,cooling,1177,294250,3139059,50000,0.2578320690521155,0,0,0,0,1.0,0.0,True,False
1024,256,1.25,7,300000,cooling,1178,294500,3141726,50000,0.2574864969218089,0,0,0,0,1.0,0.0,True,False
1024,256,1.25,7,300000,cooling,1179,294750,3144393,50000,0.2571413879615715,0,0,0,0,1.0,0.0,True,False
1024,256,1.25,7,300000,cooling,1180,295000,3147060,50000,0.2567967415506167,0,0,0,0,1.0,0.0,True,False
1024,256,1.25,7,300000,cooling,1181,295250,3149727,50000,0.25645255706899006,0,0,0,0,1.0,0.0,True,False
1024,256,1.25,7,300000,cooling,1182,295500,3152394,50000,0.25610883389756806,0,0,0,0,1.0,0.0,True,False
1024,256,1.25,7,300000,cooling,1183,295750,3155061,50000,0.25576557141805695,0,0,0,0,1.0,0.0,True,False
1024,256,1.25,7,300000,cooling,1184,296000,3157728,50000,0.2554227690129917,0,0,0,0,1.0,0.0,True,False
1024,256,1.25,7,300000,cooling,1185,296250,3160395,50000,0.25508042606573494,0,0,0,0,1.0,0.0,True,False
1024,256,1.25,7,300000,cooling,1186,296500,3163062,50000,0.2547385419604757,0,0,0,0,1.0,0.0,True,False
1024,256,1.25,7,300000,cooling,1187,296750,3165729,50000,0.25439711608222826,0,0,0,0,1.0,0.0,True,False
1024,256,1.25,7,300000,cooling,1188,297000,3168396,50000,0.2540561478168314,0,0,0,0,1.0,0.0,True,False
1024,256,1.25,7,300000,cooling,1189,297250,3171063,50000,0.253715636550947,0,0,0,0,1.0,0.0,True,False
1024,256,1.25,7,300000,cooling,1190,297500,3173730,50000,0.25337558167205887,0,0,0,0,1.0,0.0,True,False
1024,256,1.25,7,300000,cooling,1191,297750,3176397,50000,0.2530359825684719,0,0,0,0,1.0,0.0,True,False
1024,256,1.25,7,300000,cooling,1192,298000,3179064,50000,0.2526968386293108,0,0,0,0,1.0,0.0,True,False
1024,256,1.25,7,300000,cooling,1193,298250,3181731,50000,0.252358149244519,0,0,0,0,1.0,0.0,True,False
1024,256,1.25,7,300000,cooling,1194,298500,3184398,50000,0.2520199138048576,0,0,0,0,1.0,0.0,True,False
1024,256,1.25,7,300000,cooling,1195,298750,3187065,50000,0.25168213170190434,0,0,0,0,1.0,0.0,True,False
1024,256,1.25,7,300000,cooling,1196,299000,3189732,50000,0.2513448023280523,0,0,0,0,1.0,0.0,True,False
1024,256,1.25,7,300000,cooling,1197,299250,3192399,50000,0.2510079250765091,0,0,0,0,1.0,0.0,True,False
1024,256,1.25,7,300000,cooling,1198,299500,3195066,50000,0.2506714993412955,0,0,0,0,1.0,0.0,True,False
1024,256,1.25,7,300000,cooling,1199,299750,3197733,50000,0.2503355245172444,0,0,0,0,1.0,0.0,True,False
1024,256,1.25,7,300000,cooling,1200,300000,3200400,50000,0.25,0,0,0,0,1.0,0.0,True,False
1024,256,1.25,7,300000,hold,1201,300250,3203067,50000,0.25,0,0,0,0,1.0,0.0,True,False
1024,256,1.25,7,300000,hold,1202,300500,3205734,50000,0.25,0,0,0,0,1.0,0.0,True,False
1024,256,1.25,7,300000,hold,1203,300750,3208401,50000,0.25,0,0,0,0,1.0,0.0,True,False
1024,256,1.25,7,300000,hold,1204,301000,3211068,50000,0.25,0,0,0,0,1.0,0.0,True,False
1024,256,1.25,7,300000,hold,1205,301250,3213735,50000,0.25,0,0,0,0,1.0,0.0,True,False
1024,256,1.25,7,300000,hold,1206,301500,3216402,50000,0.25,0,0,0,0,1.0,0.0,True,False
1024,256,1.25,7,300000,hold,1207,301750,3219069,50000,0.25,0,0,0,0,1.0,0.0,True,False
1024,256,1.25,7,300000,hold,1208,302000,3221736,50000,0.25,0,0,0,0,1.0,0.0,True,False
1024,256,1.25,7,300000,hold,1209,302250,3224403,50000,0.25,0,0,0,0,1.0,0.0,True,False
1024,256,1.25,7,300000,hold,1210,302500,3227070,50000,0.25,0,0,0,0,1.0,0.0,True,False
1024,256,1.25,7,300000,hold,1211,302750,3229737,50000,0.25,0,0,0,0,1.0,0.0,True,False
1024,256,1.25,7,300000,hold,1212,303000,3232404,50000,0.25,0,0,0,0,1.0,0.0,True,False
1024,256,1.25,7,300000,hold,1213,303250,3235071,50000,0.25,0,0,0,0,1.0,0.0,True,False
1024,256,1.25,7,300000,hold,1214,303500,3237738,50000,0.25,0,0,0,0,1.0,0.0,True,False
1024,256,1.25,7,300000,hold,1215,303750,3240405,50000,0.25,0,0,0,0,1.0,0.0,True,False
1024,256,1.25,7,300000,hold,1216,304000,3243072,50000,0.25,0,0,0,0,1.0,0.0,True,False
1024,256,1.25,7,300000,hold,1217,304250,3245739,50000,0.25,0,0,0,0,1.0,0.0,True,False
1024,256,1.25,7,300000,hold,1218,304500,3248406,50000,0.25,0,0,0,0,1.0,0.0,True,False
1024,256,1.25,7,300000,hold,1219,304750,3251073,50000,0.25,0,0,0,0,1.0,0.0,True,False
1024,256,1.25,7,300000,hold,1220,305000,3253740,50000,0.25,0,0,0,0,1.0,0.0,True,True
